20
17
5
167
94
12
34
15
10
11
13
31
41
83
76
28
87
81
30
171
23
16
25
21
62
47
8
52
16
29
33
8
9
6
15
12
42
451
2
30
365
115
2
1952
86
9
5
58
1451
13
103
23
8
50
8
59
11
31
9
372
1580
413
90
74
9
21
139
4
8
4
100
142
125
114
69
24
13
38
31
13
11
285
107
257
27
30
32
298
8
50
13
51
29
284
106
64
78
2198
11
4
31
22
123
8
39
205
16
38
37
25
30
983
199
3
37
28
15
58
68
19
36
24
302
41
22
44
4
54
7
20
78
13
55
16
14
225
121
49
27
16
29
95
17
22
78
96
855
336
48
55
90
37
14
72
7
6
40
120
76
174
37
11
8
15
46
45
7
21
38
61
114
5
22
19
43
24
29
1
27
29
16
10
15
135
158
49
82
19
47
61
117
29
38
30
34
7
21
13
0
63
13
42
43
8
3
13
26
5
4
1
84
12
11
15
9
19
2
41
66
64
8
95
25
148
6
18
27
8
7
2
7
47
53
7
5
31
375
40
4
27
7
16
12
3
112
13
10
9
21
40
16
12
32
16
40
7
57
28
109
1
3
22
14
22
25
119
167
37
68
21
40
39
202
260
80
18
20
53
13
14
4
5
22
18
111
24
45
113
43
28
37
17
1
332
15
24
49
25
9
20
43
1139
9
14
10
10
35
28
19
19
131
41
11
13
31
12
3
2
19
4
13
8
34
16
52
52
6
176
10
7
13
1
5
12
29
28
8
144
148
