15
24
16
26
19
21
71
11
148
401
14
101
107
43
96
7
117
107
6
122
39
12
15
4
110
11
13
16
64
37
44
26
25
6
22
23
75
13
24
10
9
16
14
1
49
4
4
11
28
5
10
57
3
78
12
9
21
34
6
15
13
28
15
31
44
53
15
19
14
17
3
20
37
121
8
32
19
19
8
5
9
12
11
5
8
16
22
12
14
17
22
34
11
4
14
23
3
2
17
21
1
69
56
13
7
5
15
8
32
13
0
3
39
18
8
16
6
4
14
42
40
22
11
8
6
74
11
10
111
105
20
23
21
72
75
66
21
39
78
9
38
61
28
84
421
230
274
16
14
59
212
135
31
4
20
21
17
16
43
4
8
25
56
122
115
22
34
11
117
39
204
29
44
8
9
7
9
3
2
93
9
132
18
4
30
22
13
21
9
93
62
5
48
12
10
8
1
10
8
2
4
17
3
9
16
7
8
38
3
6
8
10
13
1
4
0
9
14
39
3
5
111
30
75
45
18
10
69
71
11
20
11
3
11
16
51
168
27
16
26
4
20
57
41
7
12
7
11
134
43
48
133
19
33
40
90
23
68
35
10
8
41
9
13
6
116
67
43
61
39
25
20
22
25
18
17
17
1
106
16
7
14
32
3
12
227
35
12
29
96
92
7
11
8
11
5
14
14
33
5
2
9
59
44
29
44
65
62
14
8
18
35
9
43
43
13
1
4
79
4
111
28
6
25
18
12
12
11
63
36
88
12
21
69
4
11
4
56
17
17
20
24
11
92
17
26
6
9
17
13
72
17
5
27
5
50
34
16
9
62
29
6
0
9
9
9
13
30
54
4
25
36
9
11
9
137
189
208
57
7
22
26
38
3
51
19
31
17
37
9
21
8
7
2
6
8
46
10
30
43
29
15
9
2
33
26
39
19
16
25
20
44
8
16
31
22
7
5
11
8
40
33
11
6
30
19
133
52
66
16
5
30
4
15
4
26
7
9
188
101
24
7
22
6
25
5
3
9
24
4
13
9
6
12
41
35
46
31
9
7
10
10
15
19
25
11
127
6
4
12
4
11
26
259
22
177
19
15
3
72
80
55
9
44
5
26
5
6
19
68
16
25
214
47
23
175
2
46
3
9
31
14
11
85
54
69
0
14
1
14
1
79
61
163
2
15
5
5
21
3
2
41
7
75
6
8
71
13
12
31
29
14
12
30
15
3
6
23
18
12
29
11
9
30
6
14
8
18
21
3
32
11
120
17
13
40
20
14
91
35
72
6
1
29
5
10
6
12
34
79
6
11
48
9
20
67
24
28
13
4
12
17
22
87
7
22
20
51
30
2
12
4
0
13
18
12
12
14
12
32
23
20
10
3
9
7
10
12
27
16
27
14
73
10
56
2
18
9
22
49
44
29
13
31
6
47
36
13
19
9
10
9
15
27
47
68
22
11
23
36
9
5
42
6
15
102
3
27
15
4
37
19
53
33
10
15
6
14
11
11
13
13
15
7
11
11
18
28
12
18
22
48
28
25
49
15
10
9
17
5
64
22
7
35
10
12
75
30
28
9
20
56
15
9
13
12
22
12
32
23
61
117
8
31
44
86
47
13
23
32
8
5
11
13
14
14
19
8
23
9
25
14
107
34
52
31
31
4
6
8
11
19
11
19
16
6
1
0
29
75
24
33
43
50
27
25
26
18
7
101
28
43
7
14
8
17
9
45
12
38
18
21
20
11
15
64
17
29
30
6
24
19
6
99
9
36
8
11
56
18
38
10
27
2
12
4
48
5
4
77
21
26
67
17
10
8
30
1
198
312
32
17
14
13
54
18
15
38
90
3
17
28
240
10
15
39
15
37
31
5
16
5
53
62
11
3
7
128
10
22
81
39
19
10
119
8
9
32
13
16
157
22
11
21
3
127
5
13
9
10
18
7
84
8
45
28
14
8
2
4
29
27
6
4
27
48
8
14
15
16
32
26
25
38
34
2
10
12
32
17
14
24
1
5
39
45
15
8
29
29
4
20
24
16
31
22
4
17
11
15
21
19
30
9
8
18
7
5
6
249
349
13
10
12
24
516
5
61
11
9
34
2
5
2
10
8
14
6
62
93
13
28
5
10
21
21
59
23
7
12
67
17
5
21
23
39
6
0
0
13
16
4
5
8
8
20
30
6
26
10
4
19
9
12
27
27
8
2
5
11
8
12
36
12
18
11
14
6
5
16
14
11
35
23
18
9
8
8
20
16
31
26
6
14
13
12
5
6
9
29
29
40
24
30
23
145
8
16
6
54
12
1
17
5
27
4
4
38
0
3
1
24
8
13
22
22
97
24
81
148
15
1
6
17
39
37
69
10
5
33
26
35
217
37
12
24
69
14
4
15
1
7
10
21
33
27
23
10
33
56
4
15
10
3
10
61
16
17
4
6
5
21
11
22
47
11
6
9
5
11
80
26
119
22
15
11
12
100
53
1
25
3
9
67
19
5
10
22
7
14
12
11
45
6
43
14
11
17
23
4
4
240
16
12
26
58
8
40
9
64
9
1
11
10
6
33
33
24
17
28
21
21
95
54
75
19
7
22
17
13
14
2
15
9
63
21
5
4
15
11
51
15
36
47
54
8
6
46
11
22
14
10
45
19
21
56
27
33
13
11
38
14
25
50
21
23
1
22
32
5
7
4
26
7
25
13
39
13
3
5
93
6
15
4
77
9
23
9
15
14
3
10
20
10
10
15
12
6
21
5
25
30
166
37
5
9
6
0
32
17
15
119
9
8
28
13
35
27
7
31
48
3
53
30
6
5
8
4
23
26
30
17
39
8
24
36
23
40
44
22
20
40
54
13
14
7
30
5
7
12
13
3
7
8
20
12
29
9
7
