19
43
26
5
73
34
72
195
30
73
336
16
16
117
56
26
60
14
10
14
26
42
11
29
57
52
10
17
16
9
14
26
77
56
73
22
424
208
54
49
46
230
51
46
47
196
113
757
56
12
67
40
93
28
10
16
34
82
7
3
5
2
3
33
151
7
27
13
4
25
7
3
26
21
34
5
1
42
43
18
5
3
4
3
2
1
1
0
3
101
157
1
13
18
68
32
16
16
25
13
96
29
14
7
3
5
32
2
41
50
1
14
0
2
7
13
25
24
31
7
78
151
1
63
16
31
9
9
8
1
69
6
2
77
117
24
33
1
5
1
5
8
4
1
3
7
5
24
31
26
20
15
126
3148
59
21
733
176
4
5
37
13
17
6
0
0
61
120
152
11
18
22
22
213
13
7
6
13
22
26
1
11
30
6
41
13
8
9
23
19
247
44
10
8
1
4
27
26
13
19
27
10
3
0
7
0
3
25
9
26
52
13
40
0
6
1
5
5
13
14
185
24
6
29
3
10
12
21
10
16
33
5
31
31
13
24
2
37
9
7
15
15
11
321
72
222
17
43
201
44
4
0
2
22
6
1
11
13
32
36
0
18
24
28
6
37
20
46
5
7
14
6
2
53
5
14
118
9
9
7
1
33
21
34
13
8
354
6
9
3
20
0
26
2
13
20
21
15
12
39
22
53
2
23
9
33
61
13
105
12
498
350
102
5
21
17
25
32
11
37
11
4
9
32
12
9
124
23
90
135
69
150
217
0
5
10
28
427
16
23
30
236
66
102
35
0
13
26
25
19
2
14
16
51
5
22
20
2
67
13
14
31
25
158
98
40
2
27
32
6
8
10
89
19
9
0
84
18
13
3
2
22
33
6
14
31
10
6
8
39
70
36
