181,226,186,178,229,158,207,144,185,170,210,204,186,204,194,141,291,341,493,640
118,129,127,81,141,110,123,103,106,150,96,120,105,136,140,115,213,259,408,449
31,24,20,23,21,23,30,18,25,24,26,25,28,22,26,37,48,34,47,74
1752,1827,1496,1540,1829,2034,1578,1737,1429,1801,1659,1531,1541,1611,1629,2040,2719,2759,3764,5206
870,787,797,856,716,804,717,575,714,851,723,668,685,758,731,854,1161,1331,2079,2938
105,138,164,152,138,186,121,122,182,181,179,211,148,150,170,210,295,306,565,814
226,256,260,213,269,239,236,211,231,269,223,256,279,255,308,304,467,583,1063,1578
145,132,83,90,133,109,103,90,107,111,146,95,93,98,126,113,177,192,284,397
173,172,172,180,236,159,199,148,144,178,207,186,160,189,207,241,365,444,708,1092
75,61,91,89,103,85,75,59,75,78,102,107,59,70,83,101,132,134,233,275
139,130,113,138,193,149,171,129,147,136,121,153,119,141,155,194,275,220,474,546
303,488,485,484,401,501,519,412,544,475,393,507,457,464,399,590,790,1062,1840,3027
217,210,223,224,241,206,209,214,254,238,208,219,190,235,300,350,525,644,1079,1641
548,536,462,420,641,461,508,431,472,516,500,473,483,470,607,650,1101,1409,2197,3503
337,296,294,254,408,266,298,279,279,311,265,233,266,277,411,448,850,1035,1675,2888
181,221,213,216,248,196,212,191,196,246,206,226,231,243,312,325,443,562,927,1149
644,779,765,676,786,693,770,629,697,831,682,741,767,801,949,1006,1464,1830,3053,4445
549,589,593,520,601,515,563,515,533,627,575,527,519,611,676,747,1048,1222,1929,2753
477,601,689,440,537,635,624,483,590,627,439,747,624,692,823,930,1330,1405,2835,4683
1287,1680,1626,1334,1581,1470,1656,1234,1300,1581,1469,1721,1490,1585,1808,1733,2639,3151,5241,7092
175,229,212,174,213,191,223,162,188,221,181,197,212,204,255,218,327,404,616,874
85,146,133,110,150,108,121,118,135,127,123,129,133,123,180,180,261,290,514,685
135,217,209,183,211,196,191,168,193,192,209,193,206,198,266,274,390,439,780,1103
149,134,148,136,136,130,127,119,130,144,118,133,116,143,174,165,226,287,476,710
616,554,462,448,634,475,498,468,455,463,541,471,449,462,582,572,877,1052,1622,2328
301,317,307,301,343,368,327,298,343,336,331,366,340,350,424,512,725,827,1514,2332
94,71,59,68,83,60,87,69,67,74,80,74,79,64,75,93,115,71,92,125
347,485,449,387,459,394,506,330,389,440,388,434,454,510,531,602,909,1042,1925,2960
234,227,233,217,235,218,222,188,210,260,276,238,194,210,224,249,333,340,504,708
292,335,290,280,302,320,303,300,234,313,323,300,298,285,257,367,437,439,640,877
348,391,369,301,387,335,363,331,314,360,335,373,314,359,303,410,468,522,721,964
116,131,112,127,156,122,149,99,133,171,157,135,131,140,126,166,172,159,166,244
142,152,138,120,153,124,131,152,106,131,118,135,122,130,139,137,207,193,250,306
100,109,88,85,87,82,92,77,87,122,88,94,85,96,87,105,137,126,158,252
153,165,152,163,178,157,156,127,177,244,190,217,173,183,174,239,247,242,248,385
161,172,133,132,176,132,147,136,124,148,151,140,142,159,119,162,211,196,338,400
349,399,321,365,345,371,345,338,305,392,410,417,402,421,387,516,731,560,1009,1320
3989,4189,4091,4118,3960,4171,3986,3749,3950,4876,4364,4547,4061,4286,4343,4716,5741,5677,8616,11632
44,41,45,49,50,76,28,45,55,29,54,36,33,46,46,33,43,47,52,81
211,189,189,200,195,200,168,167,158,177,174,161,147,197,162,170,213,241,322,435
3373,3549,3271,3332,3260,3439,3219,3020,3156,3797,3371,3643,3259,3396,3545,3890,4562,4486,6478,8443
1298,1315,1256,1314,1252,1282,1304,1208,1321,1655,1474,1467,1326,1466,1488,1607,1946,1627,2347,2857
57,60,54,92,49,44,66,58,67,117,96,81,86,85,80,94,86,38,32,23
15963,19416,17339,16299,18400,17555,18246,15210,16462,19127,18310,20078,18132,19917,21207,24902,34346,36289,61394,85861
696,772,685,675,746,687,736,670,668,772,763,719,724,661,800,839,1320,1514,2522,3721
126,144,120,114,115,122,126,128,110,128,134,119,125,112,122,108,180,190,288,357
74,96,49,55,73,53,68,60,57,69,73,65,51,51,65,78,100,103,142,153
370,422,378,381,413,421,454,394,420,442,464,438,501,417,493,509,843,1079,1790,3031
11682,13663,12835,11671,13324,12562,13136,10691,12037,13504,12353,13272,12989,13960,15610,16443,25171,29177,52508,75100
65,85,100,91,86,79,83,82,80,101,80,99,101,100,146,130,185,294,387,487
906,1054,988,881,1021,936,969,795,792,975,950,1003,883,1006,1011,995,1425,1647,2575,3168
224,287,280,271,306,278,312,204,234,336,253,257,371,321,351,433,610,708,1550,1988
79,59,61,82,84,73,73,61,97,72,73,74,67,90,111,123,190,308,314,583
378,420,329,437,397,424,478,359,427,433,493,467,462,593,872,654,1267,1602,3552,5558
72,84,59,101,79,113,113,79,87,111,104,118,88,144,206,176,360,437,1030,1801
307,417,383,362,405,339,399,292,370,386,304,338,372,410,504,547,838,970,1755,2633
58,111,78,77,82,102,111,73,84,108,84,105,110,132,172,187,311,326,721,1093
195,246,220,210,215,214,232,208,179,236,206,259,239,234,256,258,386,439,826,1131
86,118,113,95,103,87,121,115,97,119,111,126,119,130,136,110,182,219,270,362
2696,3761,3247,2745,3372,3247,3523,2738,3038,3490,3043,3451,3431,3404,3996,4679,6894,7707,14536,21809
14106,15371,14200,13370,14689,14380,14190,12417,12871,15369,13997,14813,13615,14247,14771,17045,23790,25726,41745,59382
3315,3780,3684,3430,3590,3732,3681,3168,3025,3942,3620,4024,3423,3450,3867,5007,6916,7823,14253,17069
1090,1028,1000,925,1039,986,1011,908,882,1070,969,986,945,938,1005,1160,1404,1587,2224,2775
530,720,623,670,615,682,703,600,502,701,821,797,727,694,953,1421,1880,2451,5723,4568
46,74,45,114,48,44,68,80,40,130,116,157,152,136,243,265,209,567,855,256
164,189,182,150,171,174,150,152,129,208,177,192,154,183,194,234,343,388,575,662
812,1066,1103,911,940,1111,985,860,814,1192,930,1268,985,972,1094,1449,2095,2338,3926,5877
19,24,19,24,16,34,18,19,13,25,42,23,22,20,70,138,181,223,827,573
29,52,52,52,27,52,43,39,26,47,103,48,50,55,148,298,417,499,1873,1363
17,56,24,34,26,64,28,28,25,25,53,27,25,25,81,204,231,304,1067,771
683,659,626,596,714,653,608,571,594,676,662,688,558,597,571,735,993,1015,1579,2073
951,1030,1000,877,1061,916,799,840,919,1091,891,1031,907,837,839,1141,1452,1492,2222,3008
1334,1283,1206,1108,1257,1222,1085,1134,1114,1327,1229,1213,1124,1146,1178,1436,1561,1665,2255,2799
991,987,963,893,982,851,786,849,798,961,870,940,803,912,846,1121,1273,1338,2017,2688
476,484,497,439,545,508,441,420,452,498,468,525,429,467,460,571,713,794,1273,1572
123,116,127,114,137,107,118,123,104,136,122,114,113,125,125,136,198,216,332,394
40,48,57,40,57,52,53,50,58,60,55,72,49,53,49,76,94,100,158,212
340,303,330,329,425,376,355,290,340,348,342,435,311,341,372,460,645,624,1144,1423
159,184,240,200,172,207,175,171,182,221,181,233,163,180,180,234,358,335,550,759
96,112,148,129,131,132,121,118,114,140,130,177,115,108,97,136,247,240,342,500
67,60,112,81,61,76,72,55,54,86,60,104,69,60,72,96,151,141,246,289
2157,2564,2285,2207,2445,2466,2373,2179,2086,2533,2557,2426,2259,2253,2359,2983,4109,4089,6996,9163
671,716,662,690,703,751,698,727,738,717,734,746,619,677,669,706,883,847,1225,1497
2600,2492,2260,2254,2645,2627,2350,2266,2131,2506,2770,2311,2297,2182,2336,3034,4001,3955,5909,7509
244,273,257,249,261,235,291,267,227,264,266,267,249,225,275,295,313,389,610,785
270,330,237,214,250,260,300,237,226,298,309,284,271,240,311,352,392,467,839,913
205,265,241,234,281,370,295,263,227,270,274,253,235,249,265,350,471,520,823,1199
2439,2580,2422,2266,2684,2653,2397,2287,2215,2709,2519,2459,2279,2408,2373,2981,3987,3920,6193,8139
76,87,83,59,82,92,84,65,75,80,78,63,81,95,79,119,161,157,202,294
262,323,289,315,283,303,318,299,273,310,293,281,321,327,306,374,260,279,325,278
137,143,125,84,147,198,144,119,112,141,141,116,126,132,137,200,241,217,337,429
462,468,475,415,481,450,325,365,389,461,390,417,362,417,395,531,689,627,899,1178
224,236,250,234,230,244,266,219,215,274,252,282,205,231,234,309,441,462,717,992
2451,2507,1973,1872,2815,2266,2230,1892,2121,2173,2429,2140,1967,2080,2527,2731,3944,4574,7168,10407
821,795,642,560,994,689,677,594,681,671,823,633,586,615,794,826,1165,1396,2204,3047
525,532,455,428,591,443,465,391,412,474,500,439,431,449,510,564,818,918,1503,1953
622,621,552,472,694,575,537,519,529,589,558,548,502,529,672,750,1054,1236,1884,2864
18916,20471,18963,17637,20120,19901,19076,16498,17388,20429,18663,19512,18313,19295,19843,23773,33256,36925,60815,87008
179,201,188,230,199,163,261,178,251,366,324,292,250,252,294,349,319,207,147,126
51,153,106,169,82,129,158,93,174,113,97,148,117,136,112,154,180,300,450,900
224,374,272,243,258,291,313,233,210,298,269,272,298,306,408,484,622,901,1886,2171
151,265,197,188,208,244,250,168,190,214,225,234,236,239,276,320,448,580,1047,1510
1337,1288,1129,1032,1323,1106,1133,1007,1041,1231,1155,1153,1063,1111,1056,1253,1639,1657,2444,3172
90,126,77,108,140,156,119,85,118,94,113,116,110,102,107,132,205,205,256,403
205,191,170,158,235,162,171,160,194,182,154,180,152,152,153,229,329,418,675,1013
1629,1504,1348,1229,1743,1404,1436,1233,1416,1497,1484,1545,1326,1391,1499,1794,2528,2827,4836,7411
147,122,91,116,145,115,144,114,100,107,144,116,92,103,134,146,203,210,378,447
263,245,209,219,312,222,224,185,240,226,235,202,179,221,246,279,438,539,841,1237
272,271,223,194,280,214,227,210,234,270,268,233,229,221,264,280,425,437,767,1087
182,220,183,190,233,172,258,178,165,191,181,218,177,173,199,214,316,271,391,490
487,500,453,412,464,468,465,444,357,467,528,452,431,429,338,477,605,611,846,1204
10901,11288,10372,10548,11119,10138,10224,9575,9959,13250,11504,11127,10226,11024,10590,12409,14642,13221,18259,22652
2813,2911,2708,3178,2667,2482,2925,2616,2754,4134,3721,3274,3054,3299,3129,3447,3666,2512,2866,2779
32,50,51,45,48,25,53,41,96,23,39,12,31,44,30,21,25,38,29,25
352,343,307,331,327,309,304,292,264,347,360,291,284,310,281,312,362,355,451,537
180,238,224,209,251,214,207,207,222,255,218,250,207,217,220,294,381,422,651,1009
155,224,180,187,192,172,192,184,168,164,209,190,183,167,153,204,257,252,333,412
524,499,459,356,457,386,308,373,381,473,330,424,373,472,390,477,456,536,742,943
855,885,787,661,873,763,757,755,667,761,777,719,708,699,657,750,926,929,1265,1409
192,181,155,133,175,149,158,163,114,148,151,138,164,161,149,137,231,201,327,386
389,427,350,318,368,317,373,359,286,369,365,328,333,295,282,399,465,448,618,904
327,361,277,262,365,277,286,254,269,335,301,262,270,294,296,323,411,391,510,592
2450,3064,2533,2428,2652,2679,2593,2416,2143,2621,2482,2737,2423,2588,2426,3078,3990,4690,7706,10303
438,489,385,410,565,556,420,332,434,461,448,441,389,376,403,544,741,657,1028,1440
237,276,227,259,330,298,256,209,263,305,268,322,219,248,278,366,459,417,716,1050
704,694,599,516,663,478,549,570,468,602,539,559,491,527,511,601,699,750,932,1220
94,95,84,69,99,106,87,113,62,91,94,93,86,86,68,109,89,59,121,93
430,363,430,360,461,355,317,339,367,380,397,361,295,333,306,467,508,529,778,992
54,64,52,50,80,63,59,42,40,64,38,62,94,63,54,67,131,128,312,501
238,261,225,171,278,148,181,174,210,222,212,185,149,193,177,178,221,270,351,454
515,558,608,500,575,605,525,492,480,605,550,582,485,541,561,653,800,975,1644,2507
72,90,64,83,60,99,66,72,60,60,89,51,59,86,64,74,94,74,100,114
636,625,558,672,588,670,544,610,698,848,717,715,600,778,717,788,914,650,759,713
225,206,195,203,248,202,199,176,178,210,210,204,188,219,225,225,288,304,373,483
182,187,122,150,152,157,136,136,118,150,145,165,141,155,150,180,173,188,265,290
1754,1757,1604,1637,1550,1615,1544,1567,1445,1861,1687,1663,1524,1653,1634,1789,2135,2118,3022,3778
1339,1284,1175,1092,1300,1132,1085,1098,1048,1238,1136,1132,1071,1090,1164,1283,1423,1659,2252,2641
356,457,390,353,420,462,432,353,356,437,399,476,464,429,504,587,798,875,1597,2496
187,180,219,196,226,203,191,190,217,227,183,225,203,200,166,272,343,340,538,712
186,153,171,155,176,165,155,185,143,190,160,156,156,160,153,169,230,210,308,339
282,287,221,198,347,399,245,314,246,326,264,223,258,242,255,327,506,483,596,946
1037,1265,990,861,1131,1067,937,959,918,1080,1071,966,899,1055,954,1126,1423,1598,2467,3016
181,171,141,160,178,191,173,160,138,162,155,159,166,161,133,183,251,268,365,529
186,235,197,214,241,229,233,196,230,237,249,244,257,234,326,353,568,658,1380,2198
878,1048,830,822,980,872,875,803,799,910,933,944,861,942,751,1137,1337,1393,2052,2802
713,716,710,621,836,696,691,622,704,783,707,742,612,705,790,912,1301,1466,2487,3755
6791,8298,6984,6738,7720,7586,7623,6471,6608,7789,7327,7835,7153,7257,7839,9653,13347,14993,25851,36794
3212,3358,2894,3388,3322,3228,3132,2970,3125,4261,3917,3377,3323,3233,3410,4113,5499,4266,6189,6472
309,300,310,287,334,328,299,274,287,334,262,327,287,312,311,353,453,578,1027,1405
639,670,553,565,616,566,535,516,515,629,597,624,522,557,583,650,727,691,994,1225
874,919,785,837,872,777,785,770,697,971,808,908,799,829,784,925,1113,1108,1612,2116
284,333,288,264,282,279,274,283,252,301,318,273,260,284,260,306,371,382,591,779
113,98,81,64,66,70,100,74,54,77,74,75,69,57,49,60,79,85,120,169
537,657,561,521,554,569,612,503,543,632,558,584,597,658,673,733,1086,1289,2236,3196
95,116,125,121,110,128,106,102,83,123,164,99,142,112,104,137,176,189,211,334
90,118,84,77,88,69,70,85,77,78,66,86,69,55,75,92,135,122,147,221
82,97,133,123,178,182,183,104,109,128,113,213,70,186,99,200,266,322,631,796
927,1033,983,871,1033,840,947,785,887,1044,949,956,952,987,1111,1173,1885,2090,3789,4997
586,661,659,595,717,535,635,502,553,697,615,630,621,651,781,696,1073,1381,2184,2876
1358,1569,1355,1407,1439,1379,1541,1177,1415,1455,1476,1517,1559,1736,1937,1878,3100,3802,7361,11159
313,352,305,294,356,285,302,272,275,306,318,317,279,317,267,282,445,554,799,1022
565,361,313,484,266,352,354,267,354,374,417,197,266,277,229,277,396,456,590,942
64,73,74,55,76,70,73,65,48,66,54,68,66,70,72,87,112,118,217,316
149,130,162,150,166,161,140,121,138,169,162,169,134,151,146,169,241,235,318,442
176,499,311,241,274,427,426,256,208,360,365,385,416,423,563,645,832,1277,2709,3096
277,453,349,282,330,375,390,268,255,378,320,354,423,417,513,637,844,1221,2401,2986
115,126,113,158,139,185,120,104,105,149,156,140,162,137,105,146,232,241,315,553
229,241,221,269,249,284,221,200,219,235,255,227,265,200,195,254,395,410,577,962
478,509,458,480,452,490,522,383,369,463,434,444,451,417,370,450,673,639,898,1157
845,850,784,658,852,773,700,751,645,726,741,762,674,748,556,817,973,1070,1462,2013
1357,1274,1134,1105,1341,1071,1022,1065,1059,1272,1235,970,982,1150,1044,1237,1522,1418,1979,2409
73,58,49,52,71,49,79,68,50,49,62,53,56,66,46,54,85,75,98,169
279,328,301,280,324,466,354,301,263,346,289,273,257,344,316,483,517,596,904,1291
213,208,211,151,199,269,215,227,167,232,240,170,200,185,220,247,295,314,434,534
330,305,292,238,304,240,166,218,241,275,173,264,234,301,224,346,310,361,542,720
262,280,235,227,232,222,216,212,240,308,239,243,227,256,230,325,297,284,327,440
246,232,238,235,227,201,178,200,183,249,222,245,199,207,198,246,260,255,339,490
26,33,39,39,28,42,24,33,34,46,43,39,37,24,28,36,71,53,60,56
272,312,266,279,304,288,300,256,208,282,283,280,283,259,227,340,447,511,727,1173
126,147,159,150,161,201,154,156,153,179,241,178,143,132,139,232,299,291,570,670
111,88,116,90,106,80,61,76,108,106,87,108,69,95,71,126,100,92,144,134
106,132,66,88,144,119,114,81,99,80,130,115,103,97,95,126,180,197,244,340
163,171,166,161,155,145,145,132,131,163,127,152,140,136,135,159,208,216,267,384
1172,1217,1152,1023,1160,1070,1064,1005,964,1259,1153,1126,994,1085,1082,1210,1468,1546,2266,2771
1538,1686,1553,1482,1598,1422,1533,1368,1449,2015,1877,1682,1549,1681,1727,1923,2366,2294,3339,4420
461,439,400,363,474,374,365,401,353,440,416,393,347,431,354,441,574,606,862,1050
679,728,660,627,756,624,648,588,622,733,669,690,611,630,754,869,1123,1299,1860,2786
85,111,75,60,135,70,52,94,113,117,49,84,73,42,43,72,106,133,91,133
402,391,323,370,406,356,362,337,341,426,381,367,320,370,346,461,604,547,747,965
521,431,420,329,399,348,212,304,319,378,240,359,265,414,292,404,278,409,526,630
1052,975,862,752,1014,875,770,827,820,957,740,762,809,798,816,879,919,1188,1495,1660
374,385,346,330,378,345,268,292,283,357,359,331,276,288,280,373,419,382,485,620
264,286,191,157,280,218,107,208,210,243,118,193,177,198,151,198,212,280,323,390
270,282,301,258,340,282,208,242,243,281,314,291,205,250,208,274,372,355,564,677
249,212,214,182,225,166,118,166,193,210,178,175,155,181,147,212,227,258,330,341
53,98,68,48,90,85,111,61,76,91,66,99,103,74,113,178,284,216,498,827
168,212,166,182,189,181,155,155,157,192,180,212,200,190,135,226,309,315,480,665
79,95,97,64,97,77,79,67,75,81,71,85,60,63,69,91,105,101,187,212
34,69,37,49,85,99,46,33,58,53,35,45,34,30,25,37,92,19,58,54
342,355,332,377,383,415,329,368,363,343,342,356,285,386,344,330,430,412,579,692
262,198,103,254,223,171,157,144,120,102,318,106,152,100,200,223,343,244,314,276
304,345,310,282,311,312,321,324,296,349,310,330,315,317,339,330,381,380,598,582
198,150,217,184,194,181,146,162,197,166,160,184,164,172,135,294,223,246,439,499
66,54,53,69,66,90,54,68,66,66,68,82,60,75,70,80,79,68,90,85
78,79,66,81,72,68,74,62,69,89,96,85,78,89,72,83,93,65,56,61
341,337,286,261,303,266,281,286,245,304,293,222,245,246,232,287,296,256,359,362
238,242,215,155,252,210,195,184,191,206,218,190,195,193,204,238,316,335,492,665
51,69,57,66,52,63,51,50,66,63,47,53,54,63,39,64,82,66,99,119
12,21,26,23,21,30,38,30,32,39,31,31,34,35,23,37,65,59,148,134
48,40,48,33,48,24,39,39,25,44,42,35,36,32,36,44,62,57,56,76
818,799,715,663,831,758,641,642,674,803,677,706,612,754,694,878,1036,975,1568,1878
102,106,103,121,99,146,149,99,84,109,98,124,118,109,100,139,179,216,339,451
122,100,113,127,124,119,97,98,112,115,126,95,92,102,122,115,196,191,318,507
215,224,164,198,238,245,198,162,202,251,208,217,170,194,186,259,337,314,465,682
235,204,198,155,186,179,196,156,187,199,151,169,209,175,236,247,336,385,614,857
146,152,143,143,160,162,143,132,126,170,148,168,129,139,145,152,196,182,288,381
29,42,32,48,25,35,42,33,33,33,33,37,39,27,29,28,49,38,39,42
403,427,407,356,438,381,386,367,343,420,374,333,340,358,366,385,451,472,655,855
571,519,441,449,490,500,434,415,405,481,445,439,444,455,422,538,658,689,1014,1351
296,285,277,252,335,319,236,307,258,311,233,295,271,224,274,362,421,516,800,1040
128,158,113,121,155,136,121,119,121,129,134,135,116,121,97,157,184,188,260,385
839,1006,863,840,962,887,940,861,869,915,989,982,954,940,1068,1209,1734,1904,3345,4845
235,229,215,243,227,197,213,200,195,298,244,256,252,236,258,319,441,476,723,675
1435,1417,1350,1269,1367,1333,1234,1167,1150,1390,1212,1328,1232,1219,1219,1467,1595,1923,2807,3644
12,34,11,18,50,26,36,17,31,31,28,28,57,29,35,69,97,50,273,418
98,210,220,114,153,226,215,105,186,158,122,184,228,160,266,391,481,601,1085,2347
273,300,274,222,308,273,258,253,215,281,248,252,245,255,284,315,422,457,619,882
97,99,91,59,109,83,70,85,70,77,81,37,59,63,79,68,75,87,91,115
106,116,85,70,156,124,105,80,114,123,95,89,93,66,102,129,177,168,218,275
50,50,41,35,65,35,41,42,32,42,46,35,39,41,35,51,66,61,78,109
119,156,106,104,117,149,120,125,105,143,119,134,141,114,130,184,218,205,232,320
518,536,471,433,512,480,447,445,424,478,447,427,421,495,404,484,643,662,981,1296
358,401,395,323,443,392,290,351,366,474,335,335,338,329,317,512,516,588,741,919
82,75,61,84,88,71,101,62,81,91,77,81,63,80,71,87,119,69,116,116
46,39,40,32,42,25,37,35,26,39,35,32,38,26,25,29,28,29,44,36
216,239,218,180,234,182,220,192,175,231,195,186,180,197,204,228,299,273,518,632
3294,3691,3483,3049,3534,3379,3391,2928,2975,3596,3230,3462,3119,3292,3562,3706,5205,6204,10169,13725
284,324,329,254,321,250,324,258,249,310,287,308,282,297,339,305,506,586,1044,1216
74,84,45,60,73,46,56,62,67,53,67,68,55,46,67,68,126,104,160,226
214,217,199,152,224,383,264,238,190,233,263,169,196,217,246,323,429,419,675,996
35,34,33,45,38,29,33,35,46,46,44,38,39,37,46,47,33,24,33,24
98,126,128,124,124,150,139,104,142,139,140,154,143,143,165,185,275,333,574,893
196,189,111,108,221,115,147,133,131,101,195,124,98,115,175,173,227,269,346,480
69,63,38,55,58,47,55,28,39,38,36,36,41,40,23,28,68,39,60,62
933,1083,1099,917,976,1066,1026,871,945,1109,874,1118,963,966,1017,1235,1583,1964,3279,5039
96,145,157,106,152,130,110,99,112,104,146,181,112,154,192,136,250,252,422,538
66,93,52,90,70,69,82,50,98,69,92,83,119,141,171,159,260,352,882,1145
47,100,103,57,88,96,99,85,83,119,66,108,117,113,112,135,224,225,509,831
146,172,157,160,149,144,131,131,135,168,164,187,138,120,130,201,241,219,373,373
342,375,366,316,374,346,376,302,346,385,370,396,338,346,330,438,608,655,1080,1675
155,169,195,171,189,149,169,143,173,208,194,178,175,155,158,203,302,216,314,385
138,151,128,111,155,142,159,136,137,156,155,138,149,136,143,169,218,223,296,406
148,184,220,186,192,167,180,166,180,203,181,173,176,222,270,252,402,491,838,1121
143,138,95,100,183,118,109,93,117,125,171,105,108,95,138,150,196,184,277,320
396,373,274,267,508,330,338,284,329,334,403,285,261,274,388,376,575,564,811,1085
74,84,90,102,100,91,89,84,81,117,119,98,95,92,111,123,152,139,234,334
435,489,433,354,425,461,500,413,380,484,433,466,454,467,517,568,807,1017,1802,2675
286,305,231,264,270,283,305,251,238,282,270,255,237,260,244,299,371,343,478,562
824,977,905,804,903,888,874,783,745,901,802,954,742,734,787,1014,1244,1420,2218,3367
43,64,55,39,39,81,24,38,81,24,20,43,38,57,42,28,52,15,45,5
100,88,95,99,96,105,68,98,102,115,97,97,94,108,96,114,100,75,105,63
146,206,185,152,160,170,195,140,150,174,156,242,157,164,179,257,342,391,713,999
222,205,189,225,241,154,162,199,220,274,252,212,161,229,195,254,254,214,186,191
90,227,127,103,127,185,196,110,114,170,160,179,188,187,235,308,393,604,1247,1463
420,421,403,310,391,311,366,340,304,347,331,363,272,324,301,338,415,461,667,875
1137,1151,1097,1004,1249,1018,974,976,919,1104,1074,953,895,1007,908,1056,1299,1319,1838,2197
1544,1548,1487,1294,1568,1367,1406,1281,1350,1664,1487,1469,1375,1453,1492,1680,2124,2352,3517,4782
300,270,303,259,290,253,240,256,255,351,281,282,268,294,285,319,371,434,653,847
836,870,779,707,818,713,732,736,665,807,777,712,664,697,665,755,902,934,1213,1574
229,252,224,217,253,207,254,218,219,279,290,243,241,223,257,268,278,279,349,424
296,281,307,287,309,295,287,266,285,296,266,323,267,290,261,330,335,412,613,800
385,424,389,429,389,375,429,321,367,537,441,416,386,402,424,506,581,565,820,1188
1673,1763,1771,1585,1777,1673,1749,1487,1597,1880,1613,1949,1658,1603,1648,2046,2493,2983,4745,6986
1864,1942,1787,1771,2042,1838,1675,1635,1551,1828,1810,1837,1703,1837,1805,2190,2917,3109,4760,6368
881,818,688,663,709,832,738,725,623,757,748,734,671,793,763,731,893,885,1241,1249
216,224,242,254,197,184,215,174,224,362,294,276,237,275,268,303,322,224,255,328
201,209,209,152,188,182,188,175,160,215,164,186,160,163,173,189,216,274,387,565
527,584,593,514,560,551,617,516,532,655,588,663,575,558,585,719,918,1003,1615,2645
135,134,122,129,132,121,126,117,115,179,145,143,120,136,119,153,173,191,280,442
64,68,61,94,95,64,81,85,85,81,96,75,62,81,56,90,112,104,222,269
35,42,34,28,35,35,38,22,38,30,38,45,29,43,35,33,51,59,95,117
86,102,73,60,90,79,75,81,83,82,87,92,59,67,67,83,119,117,142,239
113,165,113,152,194,117,166,133,138,141,134,190,192,115,186,237,208,169,205,255
149,171,133,113,150,153,168,124,144,146,140,166,134,150,157,212,290,299,486,704
1188,1241,1141,1087,1219,1114,1130,1091,989,1276,1222,1140,1072,1122,1149,1294,1535,1490,2177,2590
213,177,141,164,229,179,192,143,178,204,197,185,166,191,222,239,356,409,667,966
356,386,354,311,371,322,315,341,309,380,369,339,347,343,346,423,478,521,742,920
994,1127,977,891,1075,993,950,918,856,1013,919,976,891,937,958,1093,1375,1643,2635,3377
564,613,486,453,583,469,441,495,463,573,538,427,401,504,437,497,612,554,665,799
255,264,201,163,224,224,121,154,170,216,144,206,170,229,170,221,247,282,412,565
287,299,299,260,320,245,269,252,254,282,307,294,230,241,205,318,396,402,600,824
93,93,97,115,98,123,124,93,118,106,120,126,122,168,255,206,398,484,1131,1897
36,30,39,44,34,33,40,32,39,31,32,21,39,36,24,40,27,38,48,63
2872,2994,2724,2502,2908,2683,2641,2368,2373,3010,2618,2790,2464,2613,2589,3274,4128,4579,7187,9655
187,212,211,181,179,160,188,208,178,232,229,189,182,172,202,224,224,218,279,257
273,228,234,197,247,187,245,210,204,242,237,199,213,187,264,279,343,427,597,789
438,409,386,366,420,395,336,319,335,428,389,374,358,381,373,500,595,621,907,1312
287,261,243,233,272,247,209,200,198,240,244,231,227,211,184,249,343,345,435,616
117,123,109,86,127,88,80,106,90,91,94,61,63,80,79,86,77,92,100,107
195,214,173,208,210,172,161,147,218,264,248,209,177,203,207,268,224,224,233,273
327,341,332,382,318,387,305,327,333,329,345,344,272,336,329,324,373,373,451,489
8767,10189,9621,8696,9499,9908,9353,8321,8537,10167,8900,10286,9007,9193,9454,11725,15406,17198,28042,41832
53,48,54,35,52,28,37,36,41,36,33,33,26,43,29,36,37,53,44,50
140,176,169,166,185,157,161,145,148,171,189,178,177,168,153,214,269,205,300,334
106,96,89,77,110,124,73,94,85,77,91,87,95,80,81,115,142,145,208,316
129,151,79,165,129,141,154,131,144,171,185,176,165,221,360,245,518,705,1595,2514
391,461,282,469,383,441,515,365,449,453,512,484,497,665,956,711,1368,1837,4105,6290
227,280,295,240,321,282,295,228,255,330,289,294,283,305,335,362,506,619,1093,1495
93,142,75,83,169,102,84,116,127,156,80,95,90,59,67,82,141,143,137,222
202,229,204,185,207,193,206,188,142,176,176,202,163,157,156,189,264,288,406,535
765,916,908,816,863,1009,812,755,782,935,774,944,812,844,896,1017,1225,1467,2572,3785
381,361,345,317,412,358,380,314,334,377,358,363,369,355,434,442,695,776,1210,1829
110,92,109,93,85,84,93,110,83,99,98,65,83,78,103,106,203,199,366,577
109,118,91,86,147,115,103,104,93,117,139,120,100,104,146,150,207,232,345,507
263,379,358,286,328,315,324,242,285,322,337,372,326,379,350,403,590,610,952,1226
114,90,80,96,93,89,63,87,70,109,87,78,67,102,82,86,96,109,119,118
69,65,82,93,92,71,90,77,73,91,84,88,79,78,78,96,119,79,147,170
46,54,49,61,62,51,84,48,79,114,95,88,93,92,98,123,106,85,51,66
106,90,75,89,85,77,100,79,82,105,90,71,81,93,111,142,191,216,370,560
114,183,88,172,221,277,147,100,161,147,127,147,121,115,115,145,255,161,232,268
163,180,137,130,204,195,178,119,164,199,160,201,118,152,159,210,287,272,381,586
123,151,105,134,152,124,129,105,163,199,190,158,123,140,168,175,213,160,196,264
511,470,454,390,478,411,434,406,380,505,504,407,386,432,348,446,506,551,707,1017
166,148,148,146,163,132,113,126,121,140,130,133,106,145,99,147,152,167,183,293
355,358,343,334,393,337,317,312,313,419,326,330,312,338,311,418,517,578,811,1120
518,550,500,429,550,493,498,461,393,534,497,515,493,460,451,523,643,755,1013,1255
140,146,145,124,170,103,108,126,109,110,125,71,102,105,109,96,93,99,93,88
1846,1949,1802,1651,1925,1734,1715,1611,1520,1874,1821,1744,1598,1728,1469,1857,2203,2369,3267,4404
161,186,130,160,156,122,156,146,137,185,188,164,134,154,139,175,180,166,213,200
117,141,116,151,111,109,141,106,139,202,188,156,121,162,153,172,160,83,50,58
168,180,162,226,173,137,169,145,182,300,268,222,174,216,214,218,218,139,81,89
38,50,23,32,33,32,36,31,25,40,39,26,23,34,20,28,32,20,26,11
124,123,119,132,122,110,105,104,102,148,154,102,100,132,117,118,115,85,87,84
207,232,203,208,226,214,192,190,165,186,211,224,191,190,178,197,291,251,344,431
321,303,277,256,332,269,273,245,293,323,319,309,304,283,309,346,413,385,569,857
169,195,151,130,170,144,136,136,129,174,158,158,142,147,118,196,289,276,403,570
100,130,112,108,118,121,128,111,117,128,102,112,96,121,115,151,187,178,243,317
1064,1242,1257,1055,1117,1270,1136,1010,1074,1235,997,1273,1072,1098,1150,1412,1853,2293,3959,6143
999,1381,1165,1056,1135,1307,1287,1061,1077,1287,1136,1349,1224,1339,1586,1655,2300,2947,5616,8124
