92,206,134,103,143,155,188,119,108,151,144,190,192,167,239,304,425,512,1112,1521
231,191,206,240,299,251,259,193,227,242,258,280,176,220,233,311,428,377,676,862
112,138,129,131,129,146,141,111,121,156,127,149,122,132,153,156,229,242,414,539
162,149,130,133,179,129,133,123,144,136,154,118,115,141,179,176,351,414,670,1108
156,196,175,153,205,191,169,151,164,177,168,156,163,179,224,243,304,439,679,879
237,234,225,227,274,206,254,179,184,248,244,220,219,239,230,299,438,450,846,1244
659,620,681,613,791,690,692,624,640,748,772,689,612,684,823,893,1265,1504,2542,3469
111,108,117,92,116,97,100,78,121,106,119,119,109,137,160,167,227,304,401,570
1391,1224,1044,962,1563,1041,1201,914,1149,1083,1367,1052,939,1053,1297,1309,1977,2319,3555,5231
3569,4131,3796,3408,3959,3453,3846,3190,3375,3877,3832,4033,3760,3916,4177,4231,5971,6671,10051,12693
159,112,80,75,153,93,123,103,92,92,111,82,99,113,116,148,224,239,364,552
1368,1189,1101,1072,1336,1311,1106,1226,1006,1230,1131,1082,1182,1297,1176,1207,1490,1647,2402,2657
525,1027,733,621,685,930,890,598,610,830,832,882,959,1030,1282,1491,1975,2921,6234,7443
337,301,256,257,330,299,280,307,231,341,287,293,288,310,324,335,374,500,777,888
1313,1192,1197,1136,1208,1153,1146,1060,1069,1368,1194,1144,1188,1212,1247,1301,1431,1554,2017,2305
73,80,86,60,59,75,75,56,69,68,76,74,73,71,75,93,120,127,207,280
2263,1713,1636,1964,1530,1583,1645,1359,1533,1819,1794,1215,1491,1484,1428,1686,1990,2341,3120,4101
825,688,736,594,876,651,751,578,679,831,767,750,653,752,768,904,1311,1490,2735,4390
104,129,98,131,104,120,155,87,110,122,133,137,128,163,211,176,362,442,995,1544
1068,878,1003,818,1096,834,941,783,927,1020,982,1015,843,980,1047,1189,1851,2159,3821,6152
291,304,267,241,345,250,252,237,234,312,223,271,255,255,314,345,431,537,749,1121
84,96,86,95,98,124,118,85,114,93,110,115,121,156,217,172,317,437,964,1640
164,226,124,219,163,165,236,134,224,166,201,166,220,294,324,234,541,662,1530,2286
70,89,51,99,71,97,105,69,76,103,109,102,76,107,155,122,306,303,720,1158
1049,1195,842,1210,1103,1166,1333,1011,1222,1176,1327,1270,1372,1782,2339,1911,3613,4773,10842,16692
134,147,127,136,106,114,123,110,127,116,111,144,129,142,142,168,293,315,562,894
193,140,159,189,235,185,203,147,189,187,184,205,141,161,181,227,326,270,532,683
95,149,141,104,112,138,142,102,115,116,88,134,147,114,183,260,343,450,811,1425
829,711,753,620,756,678,699,653,634,745,664,599,696,650,732,771,908,1109,1631,2011
185,235,264,220,247,190,221,197,174,284,194,205,201,236,333,299,430,622,987,1206
219,297,297,281,321,265,293,256,261,307,265,261,294,315,441,376,595,826,1335,1670
196,216,237,150,240,198,211,177,173,197,178,186,203,176,183,193,299,324,467,587
228,263,217,210,244,257,252,222,226,227,241,228,215,244,210,201,309,262,380,385
54,55,54,50,47,52,51,48,52,49,44,40,55,46,51,52,63,58,85,92
197,206,180,187,209,210,202,195,197,201,203,223,166,213,196,237,280,314,484,605
143,135,142,163,133,140,115,130,150,140,128,118,133,147,118,134,124,148,181,285
632,701,665,634,653,678,624,638,611,751,699,696,641,711,678,701,897,831,1147,1388
108,160,135,119,139,146,112,100,101,131,130,135,122,129,138,146,206,217,343,431
224,199,167,156,204,160,184,179,178,212,206,193,173,214,207,236,277,293,401,460
143,165,118,116,171,154,149,151,126,137,132,175,146,143,180,195,255,267,329,432
108,100,109,88,109,97,116,89,60,91,112,93,82,89,83,77,119,90,133,145
188,204,182,195,170,201,177,147,165,202,211,194,156,226,188,220,310,268,355,455
86,86,45,64,95,51,70,52,61,62,77,51,44,59,92,93,125,142,207,316
138,176,140,295,126,137,198,133,296,480,356,329,217,321,324,399,347,143,14,25
363,469,387,374,367,355,415,351,334,414,397,403,372,381,422,459,690,723,1356,1910
74,75,56,59,61,46,51,34,56,50,73,43,50,51,52,60,87,66,137,148
49,56,46,40,57,51,47,52,44,49,64,42,41,52,44,44,65,53,68,81
151,160,158,119,128,143,143,98,104,128,119,123,128,139,131,107,187,150,228,273
178,177,165,171,190,163,128,158,159,168,182,150,160,147,163,149,190,271,368,419
89,84,95,109,85,65,99,96,88,138,134,109,106,108,101,105,109,68,78,68
119,145,142,134,117,133,157,108,146,200,166,171,151,168,171,204,250,202,289,387
646,666,657,635,610,603,584,511,546,704,641,693,548,668,647,702,952,904,1329,1568
27,36,38,42,49,44,46,40,34,58,50,57,35,26,36,55,89,87,105,169
696,716,658,609,691,696,651,615,570,665,705,642,626,727,714,667,1058,1081,1667,2105
120,105,120,91,90,116,98,98,89,94,93,102,90,105,101,86,141,129,178,241
91,109,95,115,96,99,98,92,68,90,114,106,101,114,86,104,119,91,163,167
190,183,169,119,168,161,139,121,136,165,139,153,129,157,159,141,216,223,361,423
439,441,365,339,437,374,404,371,331,428,408,382,336,373,370,393,556,551,757,1073
90,87,74,65,93,97,86,75,68,76,68,75,82,78,87,89,111,122,151,178
70,69,87,65,84,83,80,62,68,85,74,96,86,95,96,84,118,117,173,211
84,90,90,94,92,71,95,87,89,134,108,103,101,100,89,116,147,120,227,305
193,233,200,207,226,224,225,194,188,236,219,229,215,219,210,266,338,336,495,653
124,119,125,115,129,111,116,96,83,130,115,105,126,115,126,147,163,218,330,505
229,244,214,212,225,218,228,195,160,194,228,221,204,241,229,229,319,361,546,711
305,297,281,254,314,318,266,243,265,292,282,256,252,285,278,281,391,410,661,767
380,374,407,332,394,397,408,320,314,422,388,451,403,398,382,454,624,692,1141,1768
170,182,190,159,167,192,191,141,151,206,143,178,152,178,183,185,257,291,489,647
99,123,87,92,99,109,114,97,82,109,91,122,93,98,104,101,142,168,299,311
79,77,64,77,76,72,74,60,73,89,88,88,70,100,78,90,116,159,180,259
165,207,158,158,187,191,167,148,154,187,140,184,156,160,153,198,251,272,426,708
60,69,51,54,71,69,58,59,43,89,79,61,58,54,55,50,84,76,86,127
162,176,155,173,163,164,165,151,153,185,176,175,146,174,166,195,222,266,423,474
289,335,301,281,316,286,264,263,245,333,302,251,250,281,291,346,466,465,737,817
1103,1062,1027,943,1060,1037,957,966,878,1082,958,969,926,967,983,1061,1273,1420,2178,2738
90,83,80,66,80,72,77,86,63,76,89,70,84,73,79,86,98,92,106,110
283,279,266,267,273,272,263,258,230,322,281,272,265,267,263,306,380,374,538,686
135,142,104,106,106,125,124,111,83,124,109,130,119,122,100,113,145,161,246,260
183,191,164,144,181,205,143,172,137,156,170,164,134,161,163,145,231,224,316,377
118,113,94,106,98,97,108,86,105,153,131,119,93,112,97,122,143,124,123,165
59,63,34,49,55,48,48,54,52,45,58,62,46,43,45,41,80,51,71,69
116,117,100,125,126,89,128,103,108,150,128,138,116,133,144,162,188,155,214,217
172,203,178,184,176,166,178,156,171,236,218,201,182,204,199,187,243,208,272,339
188,189,146,169,188,184,186,141,166,219,185,173,169,163,183,186,237,235,291,375
112,104,94,77,76,82,75,83,62,71,84,84,57,70,71,59,92,105,118,148
82,70,89,70,72,104,72,81,67,84,84,63,68,82,60,70,96,77,112,90
106,104,100,106,99,100,105,91,75,107,112,104,84,102,107,78,129,136,205,249
166,135,136,125,155,147,118,130,119,147,139,122,129,131,134,134,179,208,302,334
96,106,95,91,102,99,94,86,78,98,92,79,87,92,97,85,127,130,163,175
92,85,90,78,108,87,93,96,65,80,77,75,71,92,78,90,99,129,140,198
133,131,99,72,126,102,76,103,96,126,103,91,90,130,110,113,139,128,196,194
91,259,134,111,138,215,218,109,112,179,191,181,216,228,285,343,451,718,1488,1656
464,504,421,405,476,505,464,352,356,507,441,426,412,487,436,486,580,590,781,926
137,140,93,129,151,97,106,101,102,112,157,113,111,113,131,108,173,156,186,204
75,73,55,60,75,62,43,52,63,67,67,57,50,61,82,65,97,94,183,232
154,177,150,127,143,129,125,125,112,126,119,136,135,129,124,155,198,216,289,403
343,321,299,237,344,353,252,328,319,366,302,276,294,302,289,295,400,392,442,406
63,50,29,33,49,47,39,30,31,43,36,42,69,22,37,42,38,61,55,101
48,36,39,49,45,51,51,43,52,39,42,54,36,45,53,55,73,77,134,181
129,141,143,150,174,202,154,138,118,151,153,149,128,125,140,167,276,275,365,588
138,140,132,146,133,159,119,113,111,146,152,127,111,116,115,122,184,172,233,362
111,123,108,166,106,103,134,106,144,238,185,174,152,170,170,197,182,121,98,101
511,581,501,491,528,532,525,526,500,581,525,521,508,517,523,541,691,644,1052,1130
807,723,691,642,728,670,693,613,608,732,683,640,679,646,722,723,795,1011,1322,1570
139,155,142,133,148,136,146,141,133,158,136,160,143,151,140,173,233,229,345,442
112,112,124,116,116,129,126,101,99,121,118,126,106,111,106,102,159,184,217,310
81,69,93,89,84,112,79,70,75,87,79,82,109,76,82,77,141,157,199,311
186,187,152,147,207,167,186,118,158,198,197,222,135,164,158,226,268,244,351,578
124,115,116,93,96,97,93,81,80,83,91,81,88,89,90,75,112,107,166,164
213,225,201,220,203,217,191,206,180,232,229,215,194,227,222,230,313,330,482,683
132,135,106,82,138,104,99,100,102,112,93,107,101,109,103,121,175,181,281,292
31,7,19,12,20,16,25,12,21,16,13,10,12,11,9,29,54,34,36,37
11,3,6,15,8,5,5,1,4,6,11,5,7,10,7,12,11,13,22,23
239,292,260,240,243,302,250,254,265,314,209,343,269,263,262,387,487,565,786,1421
129,168,152,134,115,164,150,123,109,148,130,145,117,113,106,195,244,274,348,711
71,82,103,81,67,90,61,79,69,106,67,106,72,78,68,122,154,161,210,386
184,196,203,194,179,226,189,188,150,242,193,237,202,201,188,246,329,328,465,677
120,110,81,132,79,98,100,110,103,80,97,82,98,97,104,79,60,96,52,69
48,46,58,81,45,55,59,41,59,48,57,39,64,56,44,54,32,39,37,53
149,162,181,156,132,145,170,140,151,223,191,227,190,182,168,229,278,248,428,557
235,283,300,282,247,350,305,226,239,334,230,372,267,264,271,405,546,661,1020,1762
248,293,324,291,283,348,310,247,277,353,230,379,298,275,280,445,570,704,1135,2060
121,176,196,143,148,189,178,145,149,208,137,239,163,160,133,246,364,414,664,1275
48,61,51,110,43,49,68,74,40,122,102,145,143,125,213,239,203,524,814,299
53,66,66,51,75,72,63,44,60,77,57,68,68,59,60,89,130,121,219,371
68,84,73,79,80,77,99,71,62,101,86,76,70,64,72,97,133,148,245,357
457,591,579,530,677,532,579,493,578,637,575,579,530,598,830,775,1165,1627,2641,3597
72,91,91,59,88,86,77,75,68,106,82,90,63,84,154,116,181,300,438,605
113,112,74,104,149,118,115,105,126,134,139,116,108,125,159,170,243,290,501,734
809,879,946,842,950,852,921,751,813,1027,838,917,899,961,1151,1210,1819,2400,4011,5491
1144,1039,1146,907,1146,984,1032,966,943,1154,987,972,1037,1139,1384,1333,1881,2445,4370,5870
146,167,207,151,189,152,163,145,136,216,173,158,174,183,242,199,354,462,808,1018
188,183,258,171,249,201,205,191,169,249,208,182,221,247,306,312,461,591,1128,1477
166,139,205,134,177,138,152,159,131,195,149,129,153,182,251,235,409,434,946,1238
841,731,819,658,795,713,729,687,673,804,680,657,743,737,840,881,1075,1295,2152,2665
882,776,879,687,817,751,758,720,690,864,695,709,761,768,936,916,1120,1478,2330,2881
760,699,741,602,723,657,663,629,609,752,616,638,657,662,807,783,878,1237,1764,2137
119,121,176,120,169,131,109,135,128,167,146,124,117,145,183,181,278,355,575,787
253,317,282,286,283,248,283,256,267,313,250,254,258,306,372,341,524,709,1091,1352
349,425,391,359,372,342,362,312,338,400,339,375,375,425,536,481,699,984,1498,2020
86,121,119,88,103,68,102,65,92,112,78,97,99,86,112,87,145,172,228,279
184,243,251,211,226,245,239,185,212,252,223,248,248,253,306,279,481,603,1076,1311
502,740,730,588,685,647,729,529,628,634,586,760,644,668,863,843,1292,1460,2634,3853
482,554,637,423,506,562,578,456,559,638,412,693,645,655,764,857,1312,1333,2695,4290
464,594,559,453,547,543,590,394,496,534,479,609,573,571,592,533,929,1067,1921,2354
3511,5190,4045,4067,4632,4004,4738,3865,4292,4721,5567,6217,4947,6021,6201,7863,9611,8011,11871,13923
1960,2481,2197,1930,2386,2167,2320,1882,2051,2333,2308,2636,2337,2550,2590,2948,4137,4333,7235,8925
2219,3406,2557,2697,3027,2576,3102,2558,2764,3139,3946,4424,3375,4297,4282,5809,6625,4933,7204,7968
124,150,197,138,186,160,164,135,171,185,131,183,186,276,270,292,506,585,1355,2001
99,125,169,105,154,127,139,109,147,151,103,156,163,241,240,266,468,543,1293,1915
276,633,574,355,478,573,617,378,508,509,428,555,613,541,762,968,1425,1687,3447,6072
1691,1996,1857,1725,2086,1757,1925,1543,1714,1939,1943,2087,2070,2272,2284,2416,3771,4029,7743,10166
789,979,1008,858,1117,996,1087,758,838,1038,933,1051,982,1171,1136,1310,2030,2294,4589,6017
226,296,267,278,368,289,299,248,312,327,261,331,396,485,448,568,964,1100,2672,4069
97,119,73,105,88,130,110,99,128,113,135,156,169,187,233,251,448,567,1288,2080
152,183,180,172,237,184,208,170,221,214,192,217,260,331,344,391,717,849,2012,2933
193,239,192,163,174,243,209,194,201,226,223,234,246,239,284,330,426,538,1025,1685
60,103,112,86,145,116,106,99,139,105,99,134,177,151,172,227,376,400,1066,1477
188,248,197,212,198,205,264,185,232,236,212,221,245,280,299,308,473,572,1228,1810
373,496,345,417,428,439,534,342,460,413,447,421,452,507,620,582,1112,1266,2730,4145
29,29,37,25,24,50,37,30,33,39,24,31,37,27,30,41,73,59,120,180
41,62,55,51,58,69,71,54,56,71,65,66,70,76,72,111,137,147,274,455
196,214,158,252,172,217,278,175,262,218,272,252,370,379,454,392,746,1034,2247,3615
351,406,304,410,355,402,467,339,459,368,497,425,582,588,726,676,1260,1722,3578,5760
656,1179,855,713,843,1093,1011,755,666,986,943,1001,1046,1060,1386,1768,2358,3258,7256,8296
621,1227,906,703,832,1100,1058,726,692,1027,944,1035,1083,1138,1374,1730,2359,3242,6222,8081
265,315,309,246,290,315,305,259,264,312,285,272,296,285,345,377,523,601,1091,1478
121,201,160,128,143,211,150,177,132,208,130,196,139,139,149,211,321,310,536,999
76,140,92,89,90,130,106,97,94,125,109,119,127,138,150,194,313,366,726,1074
882,1114,1107,971,962,1082,1047,897,1020,1197,1016,1262,1001,1008,1022,1354,1802,1966,3255,5213
397,373,382,369,336,322,336,307,301,424,356,324,360,327,375,405,529,537,850,1139
2131,2124,2050,1790,2207,2012,2066,1796,1680,2245,1963,1878,1821,2022,1996,2222,3153,3400,5225,6805
268,316,271,270,293,279,290,259,233,299,271,283,253,274,269,284,412,419,622,739
487,539,515,464,471,557,441,415,440,497,453,475,453,467,408,560,803,817,1257,1786
49,69,57,63,61,62,70,58,55,77,41,51,59,63,62,55,104,109,187,227
34,66,48,41,51,83,62,54,51,65,59,78,53,58,81,72,148,162,348,459
100,115,99,78,105,118,78,103,77,103,99,128,112,78,95,114,148,144,229,293
65,87,85,69,95,102,79,66,86,117,92,120,114,73,93,103,158,215,351,555
35,62,53,25,40,36,25,36,46,46,38,32,46,32,35,38,53,64,52,81
19,20,14,9,22,23,18,6,16,21,13,16,8,11,13,31,47,37,48,69
562,658,567,625,606,728,566,556,609,644,581,562,536,601,588,656,1022,947,1602,2101
83,81,58,80,92,66,65,65,53,68,83,61,65,64,90,61,106,108,148,212
1540,1385,1366,1533,1254,1290,1342,1114,1292,1503,1361,1090,1251,1263,1285,1561,2109,2313,3608,5292
278,205,240,228,198,194,213,187,182,230,220,160,186,205,216,249,330,349,585,841
20,24,15,22,19,38,19,14,24,27,22,16,22,25,34,22,50,40,72,83
273,321,272,278,324,252,276,263,231,261,248,247,207,205,216,257,388,397,641,908
246,272,247,250,247,260,248,222,251,282,314,258,310,266,308,305,477,555,946,1394
115,148,133,144,144,167,168,132,162,148,158,179,191,142,166,192,291,355,623,1029
187,196,222,179,197,218,200,188,195,215,202,217,195,187,228,247,375,442,743,1093
85,89,69,84,82,77,91,72,92,103,118,76,78,86,82,93,131,102,162,170
423,884,613,478,555,753,759,483,443,680,644,686,786,806,1018,1205,1568,2399,4912,5701
781,681,762,651,681,663,671,606,598,748,613,632,671,633,690,739,785,985,1340,1530
51,59,52,57,47,51,73,54,49,76,66,55,71,67,52,76,123,113,197,270
257,284,296,250,289,296,274,237,249,297,278,313,279,279,278,343,459,418,630,711
102,123,103,83,113,106,92,77,94,117,124,130,90,118,122,133,180,183,251,266
71,140,118,83,126,118,122,91,134,122,128,158,125,129,127,143,208,248,391,521
76,70,76,88,59,84,81,55,55,71,69,110,62,58,91,106,126,123,190,280
14,15,20,14,11,7,8,10,10,11,12,20,13,18,20,19,29,23,33,51
55,79,42,55,53,58,51,64,63,58,68,51,46,48,61,80,76,60,89,125
43,70,59,44,66,49,53,43,51,67,50,71,61,67,51,75,122,103,164,195
25,28,41,25,38,42,34,29,37,51,38,52,38,39,35,53,95,74,102,163
32,22,28,31,46,41,35,25,41,55,29,37,29,28,23,35,63,43,100,113
180,153,147,126,168,163,119,135,127,178,129,149,155,135,113,188,238,214,302,406
32,39,26,34,33,27,37,25,24,28,41,31,30,36,26,33,50,48,63,52
51,39,51,38,48,38,44,32,28,46,55,43,42,37,31,52,103,83,116,142
127,157,152,121,129,169,132,124,137,152,139,182,162,125,129,195,247,263,400,639
50,43,57,42,42,49,40,34,25,45,52,38,36,25,39,52,78,51,78,97
41,55,75,53,33,67,39,33,38,61,51,95,47,70,52,61,97,99,130,188
314,326,249,295,287,269,269,232,214,246,349,255,269,223,306,322,441,407,547,651
75,66,45,64,93,73,51,57,58,74,58,55,66,51,49,54,126,66,87,111
29,22,18,23,26,19,28,27,14,25,15,14,18,20,15,12,31,26,34,32
128,136,118,104,154,97,110,93,133,135,164,138,100,107,117,130,168,196,276,352
83,57,58,84,57,43,60,54,58,65,71,64,61,54,74,65,123,89,134,131
242,265,229,248,207,190,241,231,280,315,285,254,235,258,229,283,306,236,207,289
25,29,26,32,28,19,25,22,22,41,36,39,29,29,25,36,52,23,36,40
27,24,22,28,23,24,18,18,21,30,17,30,20,18,7,18,41,31,53,48
24,14,18,25,15,14,25,14,21,15,14,14,15,14,14,28,49,25,37,37
48,40,35,53,56,38,48,42,50,56,59,48,45,32,33,51,83,59,99,118
248,259,251,304,237,240,271,239,298,401,344,331,286,298,311,382,420,326,346,449
328,306,307,297,304,295,279,259,279,343,355,311,282,266,312,336,460,526,921,1207
37,31,26,27,23,36,30,23,25,29,32,26,28,19,32,27,52,29,64,33
34,41,38,30,64,34,40,29,37,39,47,40,38,46,48,52,84,69,117,132
1034,1077,1045,941,1136,1257,914,914,934,1099,945,1007,870,989,899,1416,1806,1845,2671,3705
281,250,286,267,343,237,224,221,275,286,288,279,210,269,230,342,356,374,475,648
789,829,771,710,938,1257,991,838,715,867,903,716,809,893,816,1223,1523,1652,2492,3632
323,384,367,332,441,627,435,371,366,436,362,377,313,391,359,629,777,909,1466,2161
150,148,165,160,172,294,190,159,141,214,154,143,140,192,166,327,331,354,609,874
96,113,103,90,126,111,84,80,97,108,94,108,87,78,88,119,163,180,217,343
740,664,641,490,684,542,474,558,501,603,530,574,466,590,477,638,652,770,999,1079
612,597,572,518,567,577,407,463,554,573,452,578,464,586,503,569,601,672,902,1234
126,103,118,127,127,99,88,90,105,100,120,94,90,81,86,152,139,169,200,259
112,94,127,120,127,108,99,108,146,117,105,129,101,106,83,175,156,149,231,242
146,137,136,137,142,152,128,130,142,166,170,155,126,170,136,157,198,143,179,194
49,70,63,46,45,83,29,41,85,28,25,50,43,60,48,31,60,20,50,8
156,175,157,130,144,174,110,130,172,108,104,137,133,163,126,122,161,131,178,186
137,147,126,110,134,143,139,130,129,154,164,148,147,135,148,174,243,313,550,826
511,466,509,469,566,499,480,434,464,569,535,547,449,517,490,677,838,879,1451,1875
1801,1968,1774,1756,1935,1713,1784,1594,1586,1889,1770,1768,1694,1866,1977,2021,2946,3098,4741,6148
383,404,333,361,388,339,335,304,317,411,334,324,316,355,386,394,498,540,740,1007
409,428,426,647,398,390,473,384,596,950,744,683,552,701,685,803,750,418,262,264
469,471,428,506,467,542,418,445,351,471,585,429,518,442,388,472,713,679,927,1301
90,95,77,99,101,68,92,83,92,126,108,94,90,94,100,101,130,92,116,139
96,92,82,100,117,102,96,102,84,125,112,97,99,102,104,103,137,140,214,245
1133,1125,1048,1374,990,976,1146,951,1155,1805,1530,1384,1263,1390,1427,1449,1652,1217,1281,1539
772,838,710,961,717,794,759,710,978,1346,1092,1019,831,1066,1058,1079,1256,849,831,905
71,96,114,79,64,150,47,58,106,56,64,79,73,85,79,53,101,35,84,38
110,144,149,118,92,207,85,89,145,106,88,120,112,147,133,93,158,84,146,97
138,139,92,103,126,119,119,104,120,152,117,133,138,116,122,134,192,210,262,376
136,155,148,167,126,147,158,125,177,256,222,206,148,193,194,207,252,169,192,222
1037,1159,1202,1052,1217,1104,1141,995,1019,1224,1150,1021,1088,1186,1316,1266,1904,2319,3740,4763
382,401,390,341,455,400,421,297,392,422,394,406,397,418,479,550,723,956,1374,1781
356,404,394,353,390,392,394,364,336,466,336,398,383,379,429,487,639,755,1179,1456
762,871,1002,827,831,989,793,778,791,967,775,944,782,839,893,1054,1293,1749,3028,4687
73,67,84,55,105,76,46,97,52,73,70,76,62,63,100,96,104,147,212,279
207,248,275,207,256,240,251,200,217,285,218,237,221,245,296,322,430,523,896,1219
283,364,336,283,350,278,326,320,270,314,304,345,254,284,321,366,562,621,1048,1376
734,649,685,611,760,598,683,580,629,764,650,712,647,712,670,810,1162,1197,2061,3189
489,493,461,353,480,329,367,441,296,358,351,380,307,326,261,382,420,424,523,605
520,407,525,383,539,423,450,381,454,550,493,518,434,495,498,580,866,979,1884,3161
176,198,137,163,241,189,173,139,201,181,157,183,160,132,158,228,329,379,643,900
81,72,48,35,78,47,62,52,46,56,57,45,40,48,61,73,111,112,184,262
79,80,75,63,58,72,77,72,66,56,83,65,58,61,50,86,100,97,154,227
407,422,395,327,459,508,434,388,324,438,418,347,367,400,401,615,809,876,1285,1898
85,86,87,77,97,97,68,60,95,82,75,93,78,63,97,125,156,135,230,274
75,69,72,53,84,68,58,69,65,76,65,72,62,47,80,87,126,115,190,219
89,71,61,56,69,51,93,65,60,74,64,70,57,66,45,58,88,86,82,127
1022,1210,1077,1044,1158,1028,1141,944,1027,1253,1105,1101,1029,1132,1239,1433,1963,2282,3404,5036
721,682,715,610,821,680,641,557,673,744,768,691,645,696,702,773,1074,1249,2036,2564
217,233,184,182,260,205,220,162,193,192,204,183,168,197,209,264,417,483,803,1186
343,391,351,292,351,319,349,320,322,317,320,317,318,357,454,440,759,880,1489,2363
206,173,199,191,272,202,169,194,184,201,212,213,184,164,238,268,404,500,861,1305
234,223,202,191,235,194,227,182,161,190,225,219,177,209,213,253,377,488,724,1172
111,107,130,112,154,93,114,117,104,128,115,101,121,136,163,179,245,310,520,715
117,101,98,87,122,85,104,96,106,111,92,91,97,113,116,144,221,309,454,748
271,265,189,170,322,182,257,196,244,213,264,225,209,211,285,278,395,494,713,978
77,87,96,106,107,82,79,75,87,107,90,81,96,100,108,119,178,243,364,472
102,78,100,90,87,110,90,78,83,96,92,86,86,92,93,122,156,204,347,500
97,83,108,107,96,107,82,77,91,109,103,99,87,96,104,129,143,208,342,486
38,38,30,39,29,34,33,25,39,61,48,41,34,49,44,55,48,37,26,37
899,977,880,880,899,909,922,899,773,987,912,881,813,898,820,937,1277,1148,1544,1901
135,136,91,104,104,110,120,101,74,108,112,105,103,109,82,127,172,114,148,191
37,58,38,50,50,42,39,54,33,39,59,47,42,55,50,66,105,80,151,202
78,108,77,96,89,94,85,96,87,105,103,95,99,122,116,139,189,168,277,349
244,265,209,218,247,277,209,247,201,231,247,209,203,255,205,228,332,306,471,517
86,103,65,76,89,98,108,75,74,92,89,99,84,79,81,99,100,81,107,76
226,232,223,152,246,160,164,187,153,177,146,183,150,136,115,174,213,264,275,438
2989,2946,2728,2659,2935,2754,2916,2598,2553,3389,2992,2941,2813,3036,2849,3206,3956,3661,5123,5811
724,731,682,714,613,705,714,639,700,966,819,814,717,810,832,829,899,699,816,839
266,257,226,193,244,251,221,266,220,246,235,223,207,242,207,245,267,223,313,229
492,438,409,325,416,455,355,454,331,410,410,383,348,414,328,423,399,415,581,599
1269,1157,1167,969,1061,1114,1050,983,894,1137,1013,944,1024,1000,1042,1017,1191,1438,2022,2322
3101,3239,3262,4109,2894,2619,3768,2962,3733,6379,5173,4461,3987,4470,4303,4876,4298,2340,1608,1361
325,375,335,467,258,289,398,295,478,768,596,539,425,530,536,605,550,244,109,91
315,367,315,383,280,280,397,261,396,619,503,446,372,431,427,505,445,272,209,212
373,490,350,358,219,346,458,290,487,684,567,521,408,460,514,530,532,227,157,157
227,256,197,164,122,217,215,152,235,288,255,226,202,224,232,230,252,164,184,230
266,337,276,463,274,250,393,269,438,724,559,514,408,487,495,595,550,261,125,97
333,327,415,501,329,264,445,356,379,716,620,521,529,500,495,556,471,259,218,194
212,203,234,269,199,178,251,227,216,349,329,277,269,278,249,286,241,160,186,147
779,798,880,1059,728,654,930,798,919,1525,1305,1104,1046,1109,1085,1218,1077,614,460,403
88,81,100,116,99,67,96,93,80,147,139,96,116,110,92,97,93,52,57,35
65,63,36,66,58,55,74,41,67,80,79,68,45,71,59,68,93,48,50,38
422,417,495,682,382,329,548,423,549,991,824,683,639,687,671,772,633,274,114,63
549,591,532,474,562,515,489,458,448,565,550,532,509,504,543,545,763,832,1322,1648
285,272,271,253,291,275,260,241,245,308,306,299,305,291,278,315,362,391,533,623
191,205,167,179,252,210,152,139,174,218,193,149,163,126,176,177,252,241,344,364
399,428,355,346,387,387,324,375,324,358,388,307,306,354,317,376,483,472,693,842
969,866,832,833,920,847,857,760,736,920,837,800,856,814,919,876,1067,1264,1578,1802
879,788,764,713,767,722,754,674,655,837,704,696,742,726,791,775,871,1069,1354,1532
118,115,122,105,114,109,88,105,98,138,84,108,83,131,110,125,157,147,218,230
113,108,86,75,93,80,80,95,91,113,87,84,72,74,97,118,133,135,159,174
265,257,265,194,266,201,251,244,208,230,215,214,185,253,145,222,266,277,342,409
444,489,454,428,505,486,468,451,409,532,518,484,519,524,498,615,659,722,1092,1348
410,431,414,306,397,276,357,380,261,300,301,362,267,288,251,295,325,317,336,379
621,625,605,716,533,577,662,624,658,925,828,740,663,771,727,770,789,505,524,483
790,802,746,885,812,638,783,722,845,1170,1047,843,776,919,894,981,989,704,740,846
97,89,100,94,103,75,55,96,104,101,106,89,60,90,76,98,90,80,82,79
22,22,13,22,15,15,15,31,31,42,20,12,21,17,22,14,20,14,18,14
36,24,34,53,43,32,35,49,37,73,46,27,44,27,40,37,53,35,54,69
807,912,874,807,930,833,875,712,735,908,895,944,897,947,914,1013,1300,1267,1936,2277
110,100,121,90,120,91,120,90,100,115,110,111,113,120,123,117,190,197,302,390
923,1024,974,948,980,958,958,785,885,1095,942,1039,989,999,1077,1189,1649,1777,2905,3770
143,149,140,149,169,164,147,119,138,145,141,160,133,139,170,190,255,297,512,670
81,122,90,57,103,91,105,76,77,83,95,95,81,81,124,90,165,192,324,372
169,249,222,171,171,228,219,167,202,226,187,257,203,192,216,255,345,409,747,1229
167,210,185,173,215,183,207,182,180,221,195,180,209,228,244,269,376,423,698,971
114,120,81,93,125,107,76,73,69,91,115,88,75,84,76,94,140,132,214,262
123,115,124,120,118,123,118,120,109,153,130,126,118,122,147,160,216,225,379,597
117,101,89,95,98,90,96,89,60,79,90,59,83,93,74,88,117,125,124,144
626,678,550,587,639,556,585,556,502,618,625,603,539,619,597,609,858,793,1204,1280
313,332,303,282,315,281,297,297,244,353,337,271,275,279,298,319,333,395,508,565
841,866,842,686,859,951,816,829,652,829,802,815,751,872,708,839,934,1010,1443,1659
129,179,125,116,145,108,103,121,108,123,136,112,82,111,100,132,142,138,167,172
254,250,205,216,256,223,218,239,212,216,239,224,205,259,221,250,315,311,390,461
546,594,592,523,555,561,550,466,477,623,580,569,463,560,547,661,812,777,1082,1310
54,63,39,58,57,56,47,61,42,59,64,60,61,58,67,63,58,63,103,77
137,151,153,128,139,144,123,117,101,121,137,119,116,127,133,83,155,178,248,280
96,96,83,84,89,108,83,83,93,91,91,90,77,88,89,84,115,120,184,196
621,664,645,570,614,637,622,538,515,653,667,645,585,626,592,623,823,850,1279,1520
165,187,145,174,172,189,169,150,150,186,174,175,156,161,135,119,240,207,340,393
198,200,190,171,207,211,197,148,161,187,177,208,182,163,169,206,275,270,393,466
140,129,119,122,137,108,119,107,130,128,117,94,113,132,104,114,157,170,277,304
243,282,298,252,228,256,260,211,254,357,300,286,257,282,292,303,339,308,421,533
86,119,107,110,99,101,105,92,86,105,114,129,90,115,117,138,178,176,276,352
723,763,748,694,753,715,733,649,651,909,781,798,712,734,795,867,1163,1248,1900,2574
153,182,153,135,189,150,167,149,140,170,165,170,179,173,178,184,283,380,602,800
217,245,253,232,266,256,228,198,206,311,283,311,210,233,249,315,415,412,572,848
89,81,95,114,75,96,90,95,74,123,123,96,95,110,97,98,128,127,194,219
41,50,40,43,40,55,49,47,52,60,60,55,47,40,52,44,72,45,82,116
116,112,107,104,95,83,100,89,94,124,96,108,94,91,92,123,139,152,235,341
158,175,168,136,139,160,196,132,144,179,174,195,153,168,181,198,248,283,433,589
734,760,699,601,760,738,734,658,671,759,740,730,727,666,684,746,1024,1070,1501,1963
199,235,188,213,236,174,229,167,195,230,271,199,181,222,193,258,329,306,380,569
62,49,52,42,58,35,49,44,57,73,70,52,59,68,65,83,74,72,58,61
245,282,215,220,295,228,241,227,251,256,235,239,222,278,245,277,386,402,556,707
29,35,27,44,157,34,45,30,45,174,53,56,43,50,57,65,69,57,24,41
420,449,402,376,409,409,416,393,340,484,454,417,390,404,436,452,497,544,817,992
385,426,396,316,394,353,378,345,323,416,411,361,344,352,345,431,484,485,709,990
191,216,200,216,199,157,199,183,165,257,264,228,189,204,201,234,263,255,291,270
145,123,131,105,136,125,100,100,89,142,144,112,118,136,129,119,157,148,214,256
418,429,391,392,420,427,427,363,356,467,427,436,398,413,418,459,591,721,1193,1612
295,339,336,320,300,276,321,301,299,452,369,351,330,336,344,396,391,333,396,442
81,91,76,71,74,68,80,58,56,98,92,68,62,84,73,78,95,74,110,113
142,149,150,188,117,120,175,136,178,284,246,193,182,199,197,221,192,89,43,35
128,142,129,149,134,123,143,124,144,208,184,150,159,179,170,189,189,149,170,169
86,77,54,77,71,66,71,58,70,81,104,73,66,67,63,83,112,71,75,75
37,50,50,41,40,54,49,43,43,47,34,57,54,47,50,71,125,119,274,374
88,116,71,77,84,85,68,68,70,97,80,86,72,78,61,109,157,131,209,269
268,285,253,242,280,257,282,237,272,305,284,284,268,273,302,356,484,493,864,1144
542,688,608,655,650,657,644,555,607,676,690,790,649,684,758,942,1366,1187,2245,3200
14,20,13,29,24,23,17,15,20,20,11,19,26,19,17,16,34,25,39,69
113,121,72,121,100,86,99,97,86,80,129,79,82,63,110,102,160,111,146,234
270,267,234,222,244,220,211,240,200,238,257,221,232,213,242,257,306,300,424,455
201,204,221,238,205,189,225,199,194,310,286,269,240,230,235,257,316,230,294,428
68,81,79,81,68,64,67,76,61,107,93,76,71,89,60,90,117,117,151,180
71,99,49,62,68,59,97,51,70,99,94,87,117,65,96,87,114,106,141,156
1415,1507,1422,1292,1416,1330,1412,1264,1213,1556,1452,1445,1320,1469,1524,1666,2301,2400,3817,5002
1975,2066,1950,1826,2041,1958,1961,1805,1735,2167,2068,2069,1895,2076,2193,2241,2964,3086,4646,6133
1766,1909,1837,1626,1805,1766,1855,1588,1647,2049,1893,1864,1791,1858,2000,2098,2849,2967,4664,6238
435,518,507,368,458,479,402,489,386,499,431,484,392,433,385,523,606,677,1167,1535
91,103,97,100,96,91,85,76,92,137,132,109,104,119,105,126,143,129,188,251
171,152,152,118,123,123,111,138,115,130,114,152,116,138,149,194,184,177,267,286
259,272,240,237,255,232,243,226,213,313,296,265,251,253,274,303,327,339,399,463
601,671,571,553,617,550,602,596,477,588,533,551,510,561,472,581,704,718,931,1132
105,131,129,101,109,122,121,109,101,101,117,111,96,91,91,104,170,168,195,267
434,613,430,543,499,524,636,412,571,496,559,570,598,701,845,775,1431,1684,3719,5916
299,322,295,262,268,270,286,252,238,338,338,279,287,261,298,293,301,309,369,418
452,435,365,425,521,427,454,498,476,439,477,460,513,592,606,584,924,1078,2272,3127
128,161,119,122,157,130,148,131,123,126,145,154,122,111,146,143,207,162,241,296
299,311,264,231,268,274,275,269,258,287,240,313,234,289,268,317,412,390,649,742
182,174,161,162,186,142,164,149,147,161,169,136,148,152,170,174,251,221,334,398
260,277,247,231,290,225,243,187,199,252,229,195,239,252,283,240,369,465,637,782
115,125,128,125,124,118,109,111,110,154,108,151,110,127,129,164,229,264,377,593
42,76,65,47,29,64,52,24,30,57,36,69,48,52,49,63,99,107,153,303
21,18,24,30,29,29,18,19,22,29,35,34,30,20,24,40,71,41,54,89
31,56,50,48,46,63,62,44,50,71,62,80,66,50,65,100,157,181,279,270
8,7,6,8,11,5,16,4,8,6,10,10,9,4,8,10,20,8,16,7
305,293,307,278,369,325,267,292,292,330,318,346,305,299,319,331,506,571,911,1218
112,102,101,126,141,108,116,97,115,114,129,107,92,94,95,143,185,212,269,468
189,206,186,205,212,211,213,192,199,294,231,236,223,232,256,276,353,397,627,927
307,374,429,343,348,403,338,328,347,432,335,398,325,351,354,449,613,644,1062,1760
264,278,263,234,250,253,261,223,242,300,229,275,215,263,261,289,353,395,684,972
154,128,153,120,108,114,126,114,111,167,93,110,126,145,172,161,246,307,562,719
70,85,83,65,62,72,59,50,66,90,78,74,61,77,56,67,100,111,150,199
63,50,45,54,59,46,49,39,47,47,44,51,43,51,54,59,70,78,112,122
278,271,248,267,277,242,253,223,221,282,293,267,239,271,253,255,325,347,533,588
302,319,328,266,299,290,275,273,221,322,304,288,268,275,282,299,405,424,620,867
441,479,395,457,445,423,457,367,403,528,453,513,434,464,459,527,732,787,1129,1616
176,134,127,148,139,121,132,112,152,166,145,135,139,145,134,155,210,197,231,336
206,221,201,209,217,229,218,180,203,260,230,211,199,234,258,269,351,392,602,790
341,360,293,289,375,259,307,287,275,320,345,311,321,319,324,315,439,450,773,1058
121,113,155,136,131,128,134,137,97,161,158,132,129,136,111,132,194,169,267,330
332,391,420,310,353,376,324,308,299,352,364,364,331,328,349,397,537,567,792,1124
146,176,173,132,126,172,168,117,135,217,191,199,156,163,166,175,212,155,240,279
244,218,208,171,234,196,196,197,183,201,235,185,187,183,215,202,280,280,381,479
335,334,300,286,337,285,306,297,272,297,311,317,288,353,317,338,461,435,653,722
192,201,207,178,214,185,196,180,145,152,202,185,192,209,193,191,281,219,321,349
58,59,58,59,47,52,47,41,43,54,51,34,48,36,29,40,46,46,58,57
51,62,41,56,50,57,62,41,41,54,48,57,49,51,55,49,92,105,138,201
83,104,85,95,92,100,88,76,77,79,94,77,84,89,79,108,123,131,192,242
154,161,147,112,140,149,150,179,138,125,144,115,108,147,120,147,192,163,258,313
342,360,258,263,338,346,304,287,230,284,265,318,314,311,304,265,383,402,678,736
174,214,201,169,188,199,181,167,163,241,190,213,195,196,199,225,330,393,661,946
43,51,53,57,65,75,68,49,51,73,65,74,55,69,83,109,143,138,222,329
74,37,39,35,74,39,37,29,44,69,72,74,50,30,45,34,58,60,62,67
118,180,138,160,159,140,147,133,141,160,158,166,172,181,239,231,339,410,706,897
221,228,217,199,230,202,204,185,192,243,218,216,225,229,229,227,322,421,605,676
1105,984,804,686,1337,803,966,724,890,833,1119,843,739,832,1074,1039,1573,1882,2894,4280
595,611,645,559,631,609,592,521,539,656,640,622,596,575,631,639,796,924,1352,1663
973,928,897,1093,808,827,960,879,1021,1481,1278,1165,1088,1192,1171,1267,1200,810,784,762
156,243,220,266,174,220,252,181,247,214,185,228,187,220,204,272,339,472,790,1337
58,162,112,178,83,135,164,96,176,123,110,156,120,141,117,159,193,314,454,910
223,251,231,187,267,186,198,203,178,233,253,216,201,203,211,237,334,387,625,796
150,148,162,133,145,169,150,143,119,173,161,159,136,142,156,179,235,257,329,457
140,130,119,109,145,122,114,118,99,141,146,148,117,132,112,160,183,206,245,293
90,103,97,123,83,94,90,78,121,139,123,108,102,117,131,121,147,120,130,146
193,213,191,160,199,190,156,183,158,185,175,190,152,163,161,160,235,209,278,358
81,75,41,67,67,63,62,45,55,55,59,63,57,62,56,68,111,93,158,201
102,106,113,120,115,113,122,100,91,138,119,116,119,109,105,122,154,139,232,234
1677,1874,1765,1536,1725,1720,1667,1523,1449,1807,1727,1725,1662,1689,1777,1855,2466,2888,4345,5518
845,980,874,845,920,885,922,830,797,996,949,932,895,911,964,1041,1314,1454,2092,2528
235,233,217,182,231,201,205,193,173,234,251,208,201,193,195,235,289,297,449,625
58,72,44,65,62,52,69,54,53,72,74,73,54,57,66,77,118,112,126,165
278,276,290,238,250,259,247,207,176,222,232,231,232,240,244,179,282,326,415,513
63,66,74,69,51,72,67,58,55,64,66,68,56,60,60,73,105,94,176,171
282,278,275,225,273,251,240,237,235,290,267,247,242,254,273,268,306,323,421,501
205,176,152,211,224,171,174,151,148,219,175,146,188,176,215,198,272,237,292,415
44,61,59,49,57,44,59,47,43,61,60,77,68,71,65,79,112,81,132,172
96,104,104,89,94,114,90,93,79,104,104,98,79,93,88,91,116,112,123,138
163,136,142,114,183,167,110,162,121,175,158,150,145,128,174,185,233,327,550,701
29,31,39,22,42,15,25,19,25,32,32,19,12,27,30,16,42,38,65,48
170,167,164,134,144,142,133,128,101,113,121,99,133,145,128,141,135,183,207,249
35,42,52,37,51,36,41,40,28,42,32,57,33,37,34,34,56,63,110,124
68,88,62,63,111,64,84,59,66,50,80,50,65,68,81,117,136,180,280,452
86,130,95,73,95,99,104,66,88,114,104,96,82,98,89,104,133,129,216,226
282,289,282,270,285,289,276,291,262,366,304,295,276,259,310,305,364,348,485,571
272,292,295,253,301,279,291,255,251,282,276,264,251,254,300,315,411,525,777,1082
481,456,456,384,448,447,421,413,405,494,448,461,425,439,443,449,606,629,1046,1282
234,232,200,191,246,215,209,201,189,223,222,204,203,204,207,204,302,325,407,473
77,117,124,106,109,116,93,97,96,116,125,117,121,109,95,157,174,150,197,307
64,71,68,82,75,67,77,56,49,68,73,56,65,73,61,82,96,104,132,228
88,86,86,71,87,52,66,66,88,118,80,78,65,89,77,96,89,93,87,94
168,162,159,155,173,177,174,183,122,191,171,179,180,167,147,163,165,157,264,235
124,131,110,136,138,141,123,123,109,133,129,137,131,156,138,138,173,207,313,403
360,364,323,308,329,335,337,330,294,377,351,343,292,326,311,325,360,311,427,366
149,170,162,160,163,157,170,141,147,169,170,153,167,160,187,214,293,327,526,793
170,158,159,163,179,164,170,127,134,182,156,163,156,159,165,168,234,281,393,514
1000,1073,985,919,1169,1146,898,888,914,1031,984,992,899,917,1029,1500,1743,1696,2614,3750
44,56,56,33,50,44,58,30,54,45,49,56,36,45,34,75,117,80,189,264
40,36,30,43,46,40,45,29,24,36,26,36,36,37,44,37,47,48,62,93
23,30,48,31,37,40,52,21,28,36,22,44,24,31,18,31,56,49,121,134
22,23,22,20,20,25,21,14,15,28,22,18,27,16,15,27,32,27,51,44
58,69,103,76,101,74,91,71,86,131,58,128,79,71,70,112,188,179,336,483
130,186,209,146,202,159,126,156,160,190,183,221,175,152,168,214,290,345,628,952
2372,2673,2516,2302,2633,2514,2600,2206,2264,2723,2513,2492,2381,2498,2732,2947,4261,4919,8194,11738
78,96,73,83,85,77,92,59,88,118,105,93,90,84,70,93,157,138,204,244
1410,1301,1262,1131,1255,1250,1185,1114,1091,1296,1092,1097,1177,1174,1173,1348,1572,1889,2731,3734
264,349,219,324,315,298,382,293,347,329,341,339,373,500,587,519,979,1227,2764,4055
83,66,98,76,81,57,35,53,62,74,64,53,39,60,52,72,58,67,85,101
98,67,35,74,58,49,39,45,28,31,117,25,44,9,58,63,115,66,38,27
469,478,533,434,529,479,395,423,413,477,459,469,409,450,432,594,707,813,1374,1930
843,752,751,657,806,711,699,724,646,724,659,682,718,704,749,812,818,1095,1473,1744
438,458,472,465,608,532,483,455,466,451,511,571,409,499,465,648,813,830,1345,1812
120,138,123,130,139,136,130,90,116,148,152,168,134,152,129,149,184,207,302,392
352,428,441,327,452,390,335,322,388,434,450,477,344,347,354,469,642,760,1224,1814
15,149,101,79,93,92,48,67,66,97,50,80,119,127,92,87,85,83,17,37
252,260,257,253,262,316,235,234,234,335,241,274,273,272,255,320,464,443,666,944
109,106,139,108,123,144,117,94,94,133,90,114,109,94,88,114,233,162,247,356
58,48,29,30,31,28,41,35,37,45,35,34,27,29,24,29,59,40,54,80
190,220,203,154,199,200,199,191,167,217,213,175,200,158,212,195,227,231,299,321
692,666,620,561,677,610,534,602,515,614,609,595,536,585,532,625,813,779,1057,1341
103,95,97,102,126,109,88,89,75,97,109,106,85,70,86,85,138,134,188,218
260,270,271,271,247,237,270,227,237,291,281,271,260,264,240,276,342,323,432,533
2550,2325,2409,2318,2221,2221,2229,1987,2111,2494,2132,2005,2167,2333,2373,2778,3715,3852,6004,8345
273,333,333,271,319,314,330,249,282,368,303,325,320,338,364,393,564,645,1130,1421
217,322,302,249,301,238,298,204,267,259,281,311,282,274,331,188,392,483,715,913
2040,2126,2113,1938,2092,2085,2118,1754,1927,2157,1936,1973,1998,1995,2175,2279,2992,3815,5840,8129
114,124,111,70,128,72,95,128,85,72,91,79,89,76,63,81,100,94,118,112
344,376,345,346,367,275,381,291,334,384,314,359,367,342,416,369,562,744,1182,1564
130,114,123,97,88,123,96,72,76,100,102,89,87,89,94,59,115,125,153,194
82,79,51,83,74,62,66,49,53,51,100,51,56,40,72,73,120,103,130,193
244,300,241,242,265,290,292,231,244,297,238,303,264,251,330,378,544,626,1073,1644
106,86,110,83,88,68,52,70,73,73,62,68,58,82,54,91,57,84,105,126
104,85,112,108,108,67,72,88,93,94,108,92,68,88,80,122,122,140,173,234
954,960,885,819,1024,914,912,784,735,1047,875,801,806,841,953,975,1372,1610,2354,3130
528,527,528,433,562,508,530,441,409,591,495,457,459,474,522,592,742,928,1352,1891
871,790,708,601,872,806,710,783,659,721,735,651,673,748,737,726,865,859,1360,1392
21,61,26,35,38,29,19,63,35,29,24,89,59,34,33,40,46,36,12,8
70,76,56,69,80,69,73,65,63,80,75,71,75,83,87,99,127,102,164,192
11,11,6,6,7,17,14,4,11,12,8,10,3,17,6,10,21,5,12,8
88,106,103,94,90,80,100,84,93,109,113,96,103,74,100,133,156,175,384,460
31,21,13,21,25,40,27,21,25,27,25,24,21,34,12,28,42,31,31,22
762,688,696,613,715,658,630,657,585,698,611,640,657,626,699,760,745,998,1304,1559
321,378,371,360,411,356,405,288,338,393,407,411,353,392,346,400,577,563,921,1047
2120,1971,1858,1725,1945,1894,1814,1744,1746,2193,1908,1882,1847,1892,1974,2126,2338,2549,3503,3985
38,48,32,41,25,42,47,28,38,55,44,28,31,43,44,41,49,51,43,64
232,256,280,325,258,229,281,235,278,425,384,314,292,344,331,348,342,238,246,283
50,46,49,54,49,46,44,36,38,51,61,43,37,44,49,45,72,59,81,99
37,30,38,32,38,44,30,35,38,34,40,42,25,39,39,33,34,35,59,52
437,411,419,549,401,384,422,408,457,756,641,533,478,569,539,604,626,393,351,378
31,44,38,25,42,25,41,28,32,34,20,25,38,32,43,28,47,55,61,81
85,82,96,40,68,88,78,60,98,90,49,84,93,99,111,119,181,174,356,552
194,230,225,203,254,254,245,204,180,228,207,260,194,270,233,314,462,446,891,1328
59,45,65,58,63,61,45,45,60,59,75,53,47,48,46,71,99,127,119,165
594,660,489,499,816,648,539,511,577,617,511,598,541,552,508,685,975,1167,1552,2176
79,86,57,79,58,74,76,60,81,112,90,82,70,91,83,97,115,100,130,153
69,74,88,79,86,66,85,79,68,95,101,115,62,84,85,102,134,105,148,280
820,754,827,676,771,711,741,676,663,842,671,700,718,714,844,857,973,1332,1990,2443
145,147,144,130,146,131,153,127,119,177,152,141,161,153,155,161,235,285,442,606
127,150,143,146,142,139,158,135,145,187,171,171,146,181,155,199,248,202,282,365
341,377,347,354,385,362,333,317,284,336,327,372,312,313,316,368,490,560,770,1058
248,300,259,222,257,259,281,208,240,294,246,252,234,247,228,227,390,389,567,824
94,102,87,87,98,93,97,83,63,89,93,80,66,89,88,91,136,180,266,386
116,132,101,106,104,103,119,79,94,116,102,108,87,99,105,108,151,166,249,334
277,309,258,261,312,270,277,242,252,276,292,308,247,271,286,319,427,502,696,1056
85,65,63,57,81,60,65,54,59,73,77,81,54,68,58,68,95,117,134,197
62,56,48,54,63,71,53,43,51,67,59,46,51,61,45,48,70,67,102,109
50,61,55,60,48,49,46,49,59,54,56,52,49,56,47,77,105,78,114,133
112,106,74,109,112,83,67,95,91,100,84,92,80,85,98,88,117,103,147,155
98,145,117,111,106,153,146,107,117,128,107,148,133,96,98,158,276,277,463,590
155,142,153,109,149,173,112,123,132,183,103,148,135,160,109,123,276,247,362,486
269,275,261,219,255,269,238,210,217,280,232,256,215,239,229,261,334,370,554,738
136,111,109,101,132,122,123,108,111,144,137,107,111,118,124,131,206,183,314,422
174,155,156,120,161,159,162,167,131,160,174,151,144,154,131,174,193,187,232,244
576,623,511,441,587,447,518,494,393,480,508,495,436,505,404,537,626,639,808,909
133,119,111,81,125,84,91,96,90,93,88,111,96,100,68,96,88,116,145,163
231,214,237,252,233,296,221,190,186,231,267,206,294,189,190,198,360,340,424,704
114,109,124,124,115,98,128,104,98,138,141,129,120,138,136,129,169,135,158,227
170,166,139,147,159,136,134,140,135,164,179,157,138,181,183,145,255,238,368,440
186,181,163,109,151,160,87,119,133,143,119,138,119,149,105,194,172,198,236,286
43,52,40,43,46,58,39,45,44,35,42,45,30,41,64,52,63,44,72,66
225,248,234,175,208,231,237,209,182,237,236,239,230,204,252,248,295,344,568,684
65,84,62,64,80,74,74,82,68,85,90,68,64,64,62,105,146,116,171,188
1319,1436,1278,1133,1375,1302,1266,1134,1112,1286,1325,1373,1246,1397,1353,1397,1974,1890,3037,3468
201,221,214,195,195,226,202,177,202,232,229,210,191,225,197,237,275,285,431,513
110,80,95,104,120,120,93,88,94,121,103,96,113,80,114,115,157,163,239,289
658,695,655,645,707,633,662,646,589,829,769,666,669,680,605,694,764,605,775,796
126,139,100,102,104,105,117,105,100,117,111,89,105,121,97,125,176,197,314,404
91,90,96,85,118,90,91,97,63,100,93,85,92,114,84,102,127,137,206,293
349,362,376,359,372,334,354,329,320,401,326,385,302,385,330,387,504,611,856,1241
304,275,241,197,299,284,283,242,233,284,275,284,294,289,269,274,392,491,834,1050
469,527,465,502,508,582,485,505,461,520,509,491,411,561,509,518,690,671,964,1097
70,101,69,87,93,99,84,92,87,53,101,104,80,73,86,85,118,82,88,88
44,70,22,77,21,26,63,61,27,49,43,57,50,41,46,33,32,49,12,13
187,154,156,152,162,151,152,132,122,172,150,149,121,161,165,158,218,193,312,352
130,127,130,87,130,122,96,114,91,110,89,108,87,126,97,110,134,140,183,168
155,168,144,128,140,154,151,136,124,144,140,152,132,150,147,147,243,266,433,578
85,81,71,70,55,74,73,63,78,92,82,65,72,73,75,75,113,92,128,180
94,83,75,64,79,67,50,49,64,74,56,67,62,70,57,75,69,70,112,138
472,439,392,376,434,420,403,397,333,426,403,399,435,407,426,468,609,678,1108,1533
610,715,720,597,649,657,688,564,573,739,696,696,676,677,703,744,929,1146,1865,2331
128,120,125,113,128,125,100,85,91,114,99,103,104,124,130,120,162,152,203,222
65,78,66,81,86,90,74,63,77,88,71,89,74,62,80,114,107,126,206,246
341,329,293,288,274,321,293,276,248,314,273,301,256,281,311,309,432,482,716,980
123,107,88,86,100,97,68,87,75,79,98,71,76,86,79,67,119,109,146,170
395,368,336,279,340,282,347,297,250,338,290,299,248,267,257,296,372,386,502,613
874,894,799,815,848,855,779,779,723,877,861,851,747,887,801,896,1049,948,1254,1551
269,297,247,237,250,238,251,231,217,265,259,255,242,261,250,239,409,338,466,493
285,304,316,322,317,289,293,302,295,340,318,311,266,299,270,395,498,506,932,1198
129,182,171,162,112,236,132,118,170,161,139,169,149,187,174,153,220,128,227,182
23,27,23,22,20,38,24,19,25,28,18,20,29,20,20,29,68,48,119,156
148,126,135,119,102,116,120,106,89,120,106,86,89,114,95,101,141,128,158,189
325,305,302,278,218,265,253,212,183,258,255,197,221,229,263,248,366,342,473,626
168,190,186,169,171,176,154,148,134,182,165,176,161,178,194,178,238,282,432,599
1020,920,954,847,878,894,848,789,781,921,822,830,843,824,871,875,1012,1250,1766,2118
143,139,138,102,111,103,114,101,91,108,120,97,101,92,124,73,153,163,235,317
189,157,143,137,126,125,87,126,104,136,133,87,89,102,125,100,151,153,252,270
95,108,107,92,96,102,130,86,99,107,87,118,95,128,116,118,185,206,458,577
271,325,311,285,298,298,342,230,256,255,274,308,211,309,282,296,446,524,907,1076
149,206,209,134,189,193,183,159,163,189,171,181,175,171,189,202,305,287,445,490
60,85,49,50,68,44,49,54,47,43,62,45,27,49,42,56,56,59,74,65
43,38,34,49,52,42,21,42,52,43,27,32,35,50,33,33,50,40,66,62
247,248,250,396,212,227,288,249,351,548,446,386,335,412,393,459,425,225,131,119
108,113,100,198,87,110,135,103,194,318,240,220,151,229,212,266,247,112,48,47
308,291,279,229,275,222,240,263,247,284,251,259,227,227,209,254,303,286,370,467
167,184,158,156,156,180,167,148,143,153,154,166,137,151,138,190,280,300,444,637
99,129,96,96,122,82,94,89,91,91,109,86,108,81,90,100,148,151,201,230
114,117,136,131,130,128,129,112,109,129,125,130,115,154,123,111,170,172,249,292
63,71,39,50,54,65,68,65,53,58,63,56,52,74,58,61,79,84,119,126
110,102,85,72,110,102,104,94,74,96,93,92,86,85,95,77,135,137,193,190
352,386,339,298,312,312,341,329,321,382,389,319,300,333,358,369,404,426,565,649
167,169,146,151,183,142,167,135,142,195,175,148,167,170,195,192,224,257,401,481
139,176,193,170,161,160,180,146,162,180,160,161,153,160,143,198,241,259,457,648
80,78,97,66,84,72,93,62,52,70,79,81,69,68,76,69,120,115,146,240
79,66,72,65,68,77,81,88,77,98,85,89,70,81,86,82,92,88,87,93
116,141,99,96,118,117,105,97,78,107,124,90,118,102,101,133,186,202,274,424
79,86,58,56,94,114,100,56,88,89,95,91,107,103,102,115,175,232,430,615
75,55,59,61,80,59,65,64,48,62,67,74,54,64,84,49,86,94,147,156
183,168,181,137,174,193,133,146,142,204,120,170,153,172,131,142,291,265,387,505
216,212,237,211,218,205,215,183,179,244,226,234,183,207,212,245,295,356,530,791
158,154,107,100,164,137,147,108,103,119,124,133,103,127,140,132,205,234,346,485
154,159,78,98,145,125,114,111,121,109,140,109,106,125,132,143,228,252,378,446
175,203,107,227,143,187,234,142,260,179,254,244,359,383,472,417,815,1144,2607,4255
917,788,797,752,842,752,773,692,763,804,729,693,765,730,874,933,1058,1491,1873,2570
436,272,241,378,216,280,278,206,273,284,320,144,203,224,189,230,289,360,474,732
496,512,490,400,478,466,458,429,401,506,499,435,432,466,461,539,635,624,847,1041
25,25,26,41,23,24,35,28,30,33,32,43,37,37,33,34,50,55,73,81
404,422,387,300,355,420,376,405,308,388,377,340,340,350,287,359,416,368,439,444
46,48,79,63,69,46,68,53,53,79,54,64,90,82,87,92,151,219,350,485
173,187,179,175,166,174,195,138,149,200,160,175,169,168,169,197,282,357,559,790
382,458,440,362,387,416,386,342,343,447,399,402,356,409,425,510,655,766,1306,1866
474,438,452,448,446,403,391,357,382,455,391,390,390,439,465,499,649,721,1074,1400
187,242,177,209,313,167,275,171,185,184,181,249,251,168,242,309,308,220,326,359
290,270,260,250,259,247,227,252,213,270,233,261,231,234,215,273,324,282,311,378
372,409,297,274,300,314,292,281,327,405,331,338,285,355,331,367,409,360,504,608
68,100,85,60,74,83,84,56,68,80,54,95,78,97,106,114,169,185,347,559
385,400,419,348,390,397,379,334,345,409,352,359,326,378,395,413,599,672,1093,1453
425,398,344,344,377,329,348,298,322,372,354,315,299,316,340,356,502,579,904,1103
200,202,225,225,213,209,217,183,176,252,233,193,203,208,221,191,288,266,319,385
141,151,124,98,149,148,139,114,119,133,147,119,132,123,143,131,182,242,400,524
114,137,118,107,123,140,100,89,111,108,111,117,96,105,113,94,167,167,235,221
75,102,84,92,87,94,76,64,73,99,95,100,90,98,67,89,110,145,197,242
87,84,97,87,144,112,88,85,122,101,145,113,90,82,78,115,185,215,304,503
152,176,168,160,137,166,195,160,143,223,186,186,161,178,172,210,250,237,342,524
287,285,232,267,288,226,253,203,206,269,286,241,235,265,288,257,401,393,516,638
415,428,384,357,385,372,391,348,315,420,342,387,366,379,388,442,595,645,1007,1448
592,634,562,490,609,548,550,507,452,634,565,552,503,529,578,638,759,858,1307,1669
319,322,297,260,341,340,270,273,266,353,312,315,274,338,304,304,530,479,678,831
159,157,147,152,158,156,156,150,147,206,173,163,137,143,159,193,197,207,257,288
111,128,169,104,147,142,114,122,120,171,119,144,100,144,254,203,292,474,782,1054
288,339,338,285,298,323,327,246,319,348,283,337,303,321,344,369,547,638,1052,1705
59,74,71,61,71,90,59,60,64,83,74,78,77,72,66,103,175,178,317,489
90,88,86,71,69,80,81,66,49,77,73,80,81,87,71,59,103,105,136,161
435,459,521,451,469,436,487,410,440,560,486,489,454,476,502,513,622,689,926,1159
101,85,72,71,119,89,87,67,82,69,126,79,71,82,62,108,135,140,187,317
169,204,196,149,182,153,185,158,153,187,158,170,158,165,198,196,239,294,510,677
805,777,778,733,766,733,746,643,641,850,690,688,690,724,802,873,1110,1483,2349,3348
59,51,46,50,56,50,35,39,50,62,42,56,47,47,46,101,77,84,118,174
235,200,186,186,232,176,183,165,209,198,219,177,169,194,201,251,344,388,548,809
211,188,180,215,217,187,194,186,206,260,248,202,185,208,241,254,321,291,437,597
152,125,87,127,118,78,122,83,85,146,106,94,84,119,100,127,183,153,254,386
253,267,239,210,243,213,246,189,193,271,224,232,218,218,273,214,358,410,722,928
236,184,235,206,245,258,182,194,206,237,254,194,168,190,168,319,403,378,445,556
480,495,467,492,454,442,461,439,422,596,575,527,486,510,553,542,753,690,958,1282
156,216,229,190,169,210,226,169,197,242,173,208,213,243,262,266,429,550,887,1185
81,94,81,89,67,89,86,64,75,73,66,86,85,84,62,97,145,175,225,325
103,101,114,89,108,97,86,87,80,93,95,103,85,112,77,87,134,126,192,230
28,45,23,41,29,65,27,31,25,36,62,30,27,30,87,169,213,247,861,636
135,133,142,133,121,119,140,110,106,149,127,121,108,131,117,116,161,160,185,213
74,90,84,68,81,77,92,73,63,85,85,84,100,65,94,68,112,114,185,232
124,113,99,78,111,87,89,81,66,94,101,90,100,91,93,98,148,134,193,229
115,150,125,116,145,132,140,103,118,156,150,151,137,145,155,139,203,169,241,296
96,101,70,78,107,67,76,74,87,87,88,89,84,88,86,118,173,138,297,381
141,150,117,136,164,124,128,121,125,152,123,133,116,115,127,129,189,185,219,311
78,78,61,55,69,51,57,64,48,65,69,65,59,64,65,65,101,93,154,247
94,102,74,92,92,67,86,77,77,121,101,105,92,96,99,104,156,154,192,300
91,97,75,53,83,88,79,67,78,103,75,76,86,72,97,70,128,105,176,191
157,155,102,134,151,95,129,96,108,135,131,121,110,126,132,130,194,177,257,336
187,191,204,193,215,188,166,152,159,218,198,194,165,172,204,213,282,327,561,805
193,177,145,164,185,155,188,125,140,197,193,165,151,152,186,153,219,156,194,229
194,225,232,243,194,243,237,192,219,250,232,246,236,200,200,286,391,383,670,1029
222,266,266,229,230,251,269,195,217,313,282,281,262,298,302,315,441,495,748,1086
499,507,488,430,519,508,489,433,385,547,490,480,417,463,458,524,711,759,1195,1629
229,210,258,210,203,183,228,195,181,280,268,222,240,218,217,240,270,256,398,535
237,230,205,204,213,198,201,175,187,241,193,204,185,204,202,253,293,352,510,720
296,438,393,331,355,388,401,266,339,395,332,389,319,352,378,381,566,683,1105,1612
276,273,230,208,272,219,218,233,173,222,208,227,184,233,189,215,258,261,343,399
109,122,123,99,115,101,114,97,96,114,104,98,107,99,103,85,114,119,191,197
42,51,46,120,30,43,74,74,41,129,115,171,165,135,263,288,231,631,954,219
76,86,57,90,84,90,70,86,79,84,78,65,71,82,95,74,133,152,217,277
119,110,95,91,98,93,107,93,78,117,84,84,93,87,88,119,115,133,155,232
697,702,616,531,627,599,614,574,508,695,611,602,580,609,639,695,806,863,1243,1457
240,228,210,233,295,226,236,190,213,247,245,236,231,235,299,202,381,366,435,580
63,48,44,38,62,38,39,48,54,42,48,41,46,35,41,45,50,52,90,88
204,285,301,196,272,235,183,226,232,260,234,297,221,233,221,292,384,467,794,1222
174,156,206,148,168,171,167,155,133,178,174,173,171,179,176,184,224,258,370,567
56,57,48,57,35,74,45,52,43,49,63,35,33,70,42,52,67,46,77,65
881,776,877,684,818,747,761,720,686,869,696,705,760,770,937,914,1119,1477,2326,2876
133,111,173,123,162,109,140,136,140,141,134,159,122,146,186,191,347,445,839,1348
249,231,239,185,250,217,210,171,186,266,228,225,248,224,229,243,339,397,596,834
40,66,42,53,41,52,41,50,43,48,53,40,40,57,41,55,78,61,120,128
190,200,201,195,253,227,190,165,181,244,200,214,179,210,215,228,332,373,593,904
473,544,469,455,567,464,413,492,450,521,487,465,430,390,437,499,739,719,1129,1530
215,219,189,160,210,205,173,164,157,192,203,150,170,190,178,237,286,275,441,587
134,147,120,131,166,141,67,104,135,106,90,142,111,118,66,132,106,197,239,349
159,146,140,98,123,107,142,124,92,103,117,122,117,87,76,106,119,150,146,212
88,97,87,91,96,76,96,68,88,107,100,99,80,96,98,122,160,176,255,327
208,196,149,119,174,164,92,116,114,155,104,151,127,149,112,166,188,211,308,376
96,98,93,73,100,103,114,92,73,87,102,79,88,74,80,89,123,122,202,255
236,219,186,191,202,204,175,189,160,185,193,187,173,203,164,187,257,269,401,463
216,244,209,196,225,215,216,214,209,225,204,220,211,212,225,252,372,455,692,980
364,455,447,376,428,435,406,351,365,504,359,479,373,404,426,545,734,878,1381,1967
687,726,852,727,759,825,727,661,696,864,680,806,688,755,805,906,1156,1507,2534,3845
95,85,97,97,96,99,103,78,96,120,100,108,82,94,103,112,166,143,216,276
200,166,188,147,210,155,148,157,150,168,167,164,142,165,144,135,227,274,421,535
315,328,300,305,309,320,294,307,254,329,305,305,271,309,281,323,397,472,721,928
403,441,563,457,459,541,419,401,419,515,410,535,421,467,504,586,707,979,1736,2654
462,497,514,433,516,468,489,383,413,567,481,463,482,487,544,575,781,979,1610,2000
152,187,139,144,169,92,135,107,173,151,165,105,99,122,102,111,163,157,174,213
221,299,264,279,283,286,274,277,247,305,291,315,256,263,280,349,453,438,680,964
255,246,240,189,275,231,204,200,199,225,267,259,220,248,265,207,338,346,578,656
169,164,131,126,161,159,279,170,158,157,181,168,179,276,158,197,200,207,266,254
180,161,196,205,168,126,182,172,142,235,234,199,213,191,161,185,157,105,93,82
139,161,169,186,169,152,161,143,164,255,195,182,167,192,194,195,233,229,301,336
61,74,64,50,66,59,70,58,61,71,67,62,61,65,61,55,107,91,153,213
84,87,85,79,83,66,89,72,74,91,98,77,73,88,74,71,102,98,157,192
262,287,269,262,282,187,219,228,196,290,301,247,229,245,223,257,260,247,281,322
208,183,179,139,177,163,151,176,117,181,187,120,139,142,180,144,162,188,225,220
61,53,59,48,57,52,42,56,43,62,60,33,38,56,44,44,53,53,71,75
190,223,216,190,216,232,225,190,202,220,213,185,193,231,229,242,341,433,654,755
116,118,97,120,96,110,101,97,111,126,108,109,107,114,105,128,171,143,231,331
245,230,215,204,235,226,183,187,165,238,172,170,145,195,157,173,273,305,377,565
174,164,165,117,135,167,155,186,122,145,141,126,153,146,124,170,263,223,329,452
1266,1307,1194,1086,1230,1159,1214,1129,995,1346,1160,1112,1128,1163,1166,1198,1784,1734,2399,2925
101,59,70,80,72,71,28,87,49,64,42,51,61,90,40,50,58,88,143,131
774,685,654,640,718,633,656,585,587,696,631,611,648,620,684,677,745,916,1184,1380
339,347,401,323,371,348,322,276,323,389,353,417,345,341,351,385,521,656,1029,1379
259,334,286,269,267,278,295,262,248,293,254,355,289,272,289,355,503,609,915,1408
44,47,37,51,40,32,43,48,33,30,30,37,34,25,33,32,65,32,63,66
137,218,115,173,254,290,162,133,193,156,154,175,137,141,138,189,299,193,321,372
124,110,127,101,97,92,95,79,88,135,114,113,107,110,89,101,108,112,127,154
93,107,99,81,90,80,73,74,77,102,93,100,67,84,85,91,132,136,178,218
122,157,146,119,137,112,124,124,107,130,130,162,116,139,135,143,196,218,347,414
168,179,166,164,158,184,163,150,138,200,140,156,165,163,161,170,252,244,358,435
87,87,81,105,102,106,77,98,87,97,107,93,71,133,104,106,162,169,282,341
298,243,234,190,307,265,230,329,232,251,269,271,276,295,250,296,258,222,370,305
168,185,146,130,138,163,136,140,121,136,154,120,123,133,111,133,150,136,210,206
10,12,10,10,6,6,8,5,8,9,9,11,5,12,8,13,22,15,24,17
6,9,10,7,7,5,6,7,6,11,10,9,5,12,9,9,21,10,21,12
127,109,115,98,170,123,81,163,77,101,114,123,102,112,145,169,150,235,308,425
752,706,759,657,798,670,709,648,620,794,662,631,707,676,786,791,887,1232,1685,2032
201,234,219,206,227,228,235,207,204,233,261,251,238,244,243,316,397,447,830,1021
362,347,298,274,319,357,311,335,298,328,321,275,258,296,286,299,364,397,655,737
698,672,683,563,646,774,614,626,581,703,622,622,612,701,617,610,790,805,1162,1357
930,1009,947,749,979,1036,791,873,837,891,831,858,782,857,697,858,980,1075,1550,1943
392,349,299,268,349,344,318,333,273,323,313,333,308,333,305,351,356,366,607,658
64,56,70,47,96,70,33,100,39,57,65,76,59,57,93,95,79,146,198,280
228,294,268,240,254,300,245,244,242,277,228,293,262,278,284,332,458,535,893,1119
209,221,224,185,209,199,206,214,190,257,236,207,204,195,233,257,256,252,313,333
106,115,115,116,110,106,111,97,94,125,131,111,97,113,112,102,143,125,146,190
541,610,724,578,603,689,571,550,564,685,515,705,554,609,646,748,962,1263,2241,3558
350,294,242,224,283,271,239,279,206,223,214,233,233,314,214,267,254,328,462,517
407,374,309,344,334,377,349,348,282,347,363,377,346,407,369,343,457,484,616,719
102,100,79,63,105,88,92,77,73,94,69,104,104,91,81,92,139,172,239,384
201,205,183,174,220,202,181,206,172,241,193,197,173,205,207,235,289,296,364,462
48,56,39,36,45,52,46,35,37,42,45,44,39,43,60,37,57,72,122,134
230,234,238,165,229,212,186,208,175,204,163,222,189,197,182,182,274,297,434,567
99,116,89,103,122,88,108,104,102,140,97,122,100,117,118,109,158,158,260,397
442,466,452,446,448,394,422,403,428,525,478,451,432,490,520,501,652,632,923,1049
92,97,78,65,88,81,77,83,72,85,70,62,84,61,86,81,127,125,178,204
240,230,294,216,262,307,212,196,230,290,231,230,204,234,220,400,412,408,672,862
175,210,201,184,219,211,193,155,176,206,205,223,188,204,197,209,308,352,597,844
235,235,183,193,187,230,211,178,165,216,200,210,189,204,202,201,267,338,454,599
244,274,290,270,259,239,290,228,268,353,300,331,272,306,317,325,381,441,622,880
92,88,90,69,99,71,79,72,84,83,86,83,76,82,89,103,134,162,268,412
78,146,103,72,115,131,135,96,86,128,107,145,151,117,189,233,341,358,850,1177
741,676,728,596,701,644,658,609,602,738,617,632,646,639,757,758,847,1177,1632,1951
205,234,224,195,227,236,235,190,188,236,231,227,224,229,211,225,333,336,485,631
288,302,241,222,257,266,266,270,215,272,254,254,239,248,278,270,283,318,445,460
235,229,182,225,252,189,190,198,207,245,206,169,191,184,149,178,281,228,355,432
38,38,30,45,32,38,52,27,35,41,51,41,41,53,28,57,88,102,177,130
150,146,120,119,157,134,152,165,124,133,121,145,125,150,115,140,188,201,328,496
188,217,191,199,188,183,201,158,154,178,195,169,176,205,210,174,248,269,348,403
82,84,65,84,91,71,72,80,58,75,84,73,66,67,66,71,79,85,101,135
775,765,815,770,790,783,752,703,697,888,844,819,783,789,824,921,1186,1292,2058,2670
237,198,169,141,205,220,176,182,168,203,175,153,150,169,198,164,208,241,242,237
300,364,332,269,328,329,291,286,275,324,283,335,278,285,271,342,444,522,755,1049
108,138,113,122,114,113,92,97,108,119,120,117,118,120,106,145,148,152,217,292
62,63,58,58,54,66,59,51,45,75,47,69,68,58,55,87,132,134,192,361
446,518,518,447,483,472,520,432,442,628,559,535,515,534,565,647,753,809,1114,1463
141,153,164,151,128,167,152,125,148,188,184,197,132,182,168,182,221,188,299,386
235,264,228,203,256,236,226,209,223,223,248,212,255,235,229,264,352,342,512,584
54,53,40,56,46,42,42,51,34,53,38,50,40,38,46,43,51,39,49,35
209,242,208,206,241,212,208,179,195,233,221,176,198,197,211,151,285,264,379,431
96,68,26,90,68,44,37,39,29,30,118,23,37,11,65,69,103,64,19,8
232,258,204,215,205,229,194,186,257,255,217,231,215,240,248,245,338,260,363,355
50,91,59,82,66,89,73,35,63,83,32,100,50,55,61,107,123,150,194,324
323,426,366,343,335,365,372,285,302,396,326,359,294,338,334,411,543,627,988,1405
122,122,139,170,110,96,148,122,130,233,211,163,171,168,165,177,159,82,55,58
53,60,31,67,51,45,43,45,41,36,74,40,37,37,56,56,88,66,73,106
873,788,849,689,807,765,768,727,685,841,719,705,743,751,917,900,1072,1459,2238,2639
181,195,211,169,223,173,215,153,168,220,204,200,195,198,218,197,295,381,707,903
208,327,225,266,428,303,327,232,289,315,303,316,504,401,389,519,1029,1065,2973,4314
625,716,711,657,671,612,669,552,581,695,593,636,619,641,677,685,975,1112,1694,2022
122,97,113,82,108,109,65,74,85,95,98,94,80,111,74,147,131,159,199,276
83,89,57,61,89,49,68,60,69,64,85,67,55,68,67,61,120,83,151,183
98,97,99,88,112,112,92,83,76,85,87,91,78,92,110,84,171,172,232,331
212,299,267,229,268,212,281,190,232,237,237,285,244,257,293,228,376,454,717,918
40,32,22,15,31,29,36,12,15,26,24,8,33,21,22,20,46,28,54,52
2016,2045,1920,1762,1981,1834,1983,1752,1703,2113,1837,1883,1838,1990,1982,2141,2658,3092,4449,5760
3171,3209,3078,2865,3144,3021,3008,2704,2634,3300,2908,3077,2898,2976,3059,3280,4177,4827,7281,9361
213,228,217,198,229,219,214,200,178,228,197,218,198,177,225,220,310,348,544,680
113,112,98,95,92,89,101,94,78,96,101,104,81,113,122,109,173,176,351,456
197,199,194,173,204,219,233,187,158,175,194,188,180,216,168,202,262,266,347,405
125,154,118,107,175,113,111,117,112,126,115,83,104,99,107,121,139,136,194,230
842,773,694,785,801,685,785,683,625,869,810,704,719,752,805,745,1126,1065,1348,1658
217,252,222,184,236,208,189,183,170,229,195,228,190,194,227,193,291,292,467,562
163,196,176,179,167,193,196,118,148,187,178,158,168,173,135,181,259,320,463,686
399,411,364,329,368,368,352,293,302,383,339,350,306,353,333,394,516,572,783,1014
956,975,959,1061,845,943,951,757,968,963,889,843,852,896,840,1038,1425,1645,2671,4033
152,146,153,143,139,160,137,119,125,175,155,154,138,148,148,162,201,204,252,325
209,186,221,227,210,181,217,176,191,286,245,242,222,235,242,254,306,305,404,523
242,223,216,212,242,190,181,183,183,242,224,210,225,207,228,208,307,341,500,524
2034,2289,2259,1980,2184,2215,2081,1867,1956,2293,2053,2310,1979,1976,2061,2541,3373,3698,5946,8728
124,122,102,108,126,117,129,90,107,123,102,118,119,109,98,100,140,171,199,287
128,139,130,120,142,121,124,119,106,145,116,143,114,148,132,163,186,189,282,298
276,303,293,254,337,275,310,259,253,338,299,306,311,302,338,339,469,644,958,1392
195,179,141,125,193,175,176,138,118,154,156,172,141,168,139,159,211,236,351,475
166,242,260,167,227,224,231,148,188,233,216,245,211,225,207,244,357,312,528,587
380,351,302,288,356,297,316,306,249,345,323,308,302,313,293,329,374,364,540,543
134,140,126,102,117,130,134,109,96,102,110,95,115,121,102,128,159,154,194,252
134,161,164,151,146,173,143,146,112,145,136,146,130,160,111,133,180,155,215,226
53,71,59,49,53,66,70,62,52,54,51,57,55,67,51,55,90,71,113,150
583,583,477,470,539,582,524,508,439,575,549,546,513,559,546,535,627,631,971,997
463,490,462,439,523,425,533,398,418,540,480,499,437,479,507,507,683,790,1257,1604
145,196,171,164,157,161,147,166,151,202,190,180,170,180,177,211,260,231,289,376
55,86,62,66,67,74,73,55,60,78,69,70,68,65,77,89,94,100,149,231
55,81,52,66,65,72,87,59,80,64,75,82,76,80,108,96,179,188,450,656
1208,1206,1203,1030,1194,1210,1132,1034,1015,1218,1045,1105,1114,1087,1210,1266,1503,1926,2931,3930
132,108,146,156,159,152,134,121,143,184,148,150,139,150,143,156,224,211,282,310
195,159,169,178,188,175,154,158,115,173,159,153,165,213,171,164,230,256,364,380
717,708,586,565,686,599,603,627,527,688,644,622,578,630,666,687,843,987,1499,1963
313,323,321,276,320,300,283,270,217,292,280,295,267,292,270,268,381,446,660,894
210,226,208,185,204,202,189,184,156,211,189,178,166,177,194,153,248,251,354,371
172,154,141,129,157,157,144,171,112,145,162,119,139,133,146,144,187,184,263,280
929,988,824,838,948,830,1114,835,818,1109,962,976,1055,1158,931,1152,1275,1334,1971,2607
196,205,204,187,191,202,178,192,192,219,216,195,159,192,181,201,214,200,197,206
72,69,50,76,63,92,76,60,63,45,67,70,50,61,71,70,99,87,98,103
271,292,277,241,269,270,268,223,247,290,274,295,238,264,301,290,368,359,600,702
154,149,122,104,138,129,114,109,131,160,127,134,154,125,115,147,192,160,198,241
147,176,161,185,162,181,151,145,186,191,189,206,165,177,184,241,319,333,571,778
1751,1694,1596,1782,1548,1622,1714,1482,1685,1751,1733,1441,1462,1520,1489,1850,2546,2886,4640,7043
86,72,104,79,91,142,104,75,103,114,85,103,97,103,160,176,297,309,687,1166
113,124,118,100,152,130,132,89,98,148,94,132,142,113,168,138,257,282,524,643
143,169,170,129,143,183,155,113,143,178,131,197,165,178,183,195,294,346,656,814
34,43,48,22,71,33,46,36,41,45,35,40,39,47,58,33,91,105,152,184
1321,1236,1215,1152,1184,1173,1151,1123,1115,1332,1122,1153,1180,1138,1239,1244,1417,1618,2322,2778
46,26,18,15,10,18,33,20,23,33,17,26,20,15,13,15,26,24,27,47
96,98,66,89,82,83,69,65,88,125,90,104,82,105,110,105,142,168,263,346
49,53,38,48,84,43,45,26,50,52,50,39,45,52,57,63,83,102,167,173
73,55,64,43,80,62,42,59,62,62,57,62,47,56,61,93,95,87,138,189
189,219,192,181,168,192,209,173,171,197,187,188,170,207,219,235,382,388,703,1045
104,117,95,122,115,81,117,82,94,129,111,113,118,124,120,119,214,166,296,422
943,1016,834,923,966,910,905,819,856,985,945,889,884,902,1019,952,1384,1287,2077,2475
81,75,66,63,75,64,79,75,45,62,75,60,69,70,69,76,103,111,136,210
166,133,121,115,150,135,120,121,141,121,121,123,116,120,124,103,148,152,241,284
253,266,242,225,287,219,245,223,214,259,236,204,220,226,245,290,363,413,628,879
166,166,151,170,175,205,179,149,135,174,181,173,191,159,150,183,278,261,418,615
52,68,37,94,69,52,98,50,100,66,94,74,112,134,168,130,299,392,944,1549
23,21,18,32,24,30,18,31,14,42,18,26,27,11,15,31,80,64,33,50
26,25,28,27,34,26,30,25,26,18,44,33,30,23,34,45,62,78,146,93
310,287,310,263,298,276,281,252,266,344,287,308,257,279,291,297,375,403,544,724
204,199,189,192,196,177,194,165,185,211,193,192,175,188,197,215,324,328,512,641
63,89,72,64,73,83,71,59,72,77,84,69,79,98,69,82,123,119,213,275
168,165,149,123,143,137,153,137,122,148,166,165,116,143,141,151,174,158,156,183
143,210,207,219,174,183,196,136,177,220,147,243,167,161,151,263,380,387,549,918
523,594,570,515,510,547,563,495,486,636,571,577,517,584,591,649,814,876,1298,1698
56,65,54,54,91,74,73,48,67,66,74,51,47,47,52,77,101,107,150,204
123,146,119,103,124,150,116,117,113,144,136,150,137,120,122,149,247,233,386,629
136,167,125,110,160,132,146,121,134,140,152,154,127,167,143,153,210,229,374,455
136,155,156,144,156,141,144,122,135,164,161,149,122,146,144,149,197,178,318,375
241,275,267,198,246,244,250,230,211,269,241,260,244,268,278,315,393,416,682,918
153,164,147,148,156,148,142,134,141,165,141,162,135,179,135,137,209,216,291,299
125,137,128,124,124,123,121,131,82,132,138,122,101,129,127,112,195,178,271,321
232,286,317,230,255,284,236,221,219,279,235,262,242,228,259,280,361,441,759,1070
355,367,397,291,406,394,327,305,345,371,317,430,368,360,412,387,619,683,1199,1696
65,75,61,78,58,54,56,52,51,68,67,61,49,65,73,61,88,72,78,97
67,75,51,60,77,63,56,53,65,82,58,78,84,59,71,66,97,112,142,160
100,100,78,88,108,95,96,85,82,101,112,92,72,81,106,114,147,144,209,239
287,289,278,231,277,266,289,221,238,261,255,272,246,240,276,292,384,420,648,891
194,199,187,175,216,181,205,169,177,213,202,212,195,212,213,230,288,301,450,517
154,137,147,124,131,126,118,118,106,135,128,129,121,129,131,110,184,180,268,305
163,170,132,127,129,121,153,132,108,117,132,121,112,125,120,125,191,192,252,275
73,72,63,62,62,50,69,67,57,85,91,83,67,75,68,78,93,49,58,56
80,86,70,83,75,63,81,53,64,110,88,84,63,85,95,84,119,115,137,136
397,500,400,364,459,451,461,391,357,436,422,463,437,484,526,578,738,916,1559,2072
458,421,427,405,374,368,398,357,362,419,406,336,357,372,394,443,599,676,1008,1345
142,172,139,132,158,148,149,104,136,157,160,141,147,151,153,167,251,281,421,598
118,129,114,95,144,116,120,96,104,115,124,114,103,127,102,136,229,229,425,642
178,227,168,188,175,185,208,187,173,201,172,200,195,234,276,249,337,444,677,837
255,242,236,200,246,213,226,219,169,232,197,217,216,214,227,257,311,444,662,926
145,111,124,109,108,116,95,124,107,140,112,125,104,138,109,141,131,114,148,141
187,166,135,150,151,159,138,158,121,140,150,156,135,152,156,160,186,221,296,361
223,224,194,169,236,210,166,157,172,228,191,208,174,210,206,187,269,299,510,650
128,111,111,115,112,111,122,95,83,115,104,104,99,104,101,111,128,129,178,202
440,482,431,433,429,407,421,408,408,547,502,468,388,471,473,437,593,508,627,721
151,148,122,125,177,132,134,135,118,140,138,128,125,162,144,161,242,277,404,525
88,92,118,152,93,86,119,89,116,190,167,153,124,149,135,161,160,98,84,93
181,185,172,190,158,162,171,153,157,222,193,192,172,198,164,190,237,197,220,219
128,124,118,97,123,114,101,90,94,114,101,112,97,103,97,110,163,162,217,245
196,162,185,170,205,154,187,141,143,166,196,165,151,195,195,172,282,360,487,699
176,185,153,155,151,134,108,125,127,144,140,138,115,159,126,171,183,197,266,320
242,253,314,225,309,236,275,213,246,280,223,287,315,244,310,280,444,547,965,1386
199,256,258,197,261,229,252,195,220,257,204,269,244,291,309,325,543,672,1392,2075
104,82,81,79,98,85,91,88,75,91,98,90,85,105,103,102,115,102,169,174
110,117,93,96,111,96,113,89,95,120,93,94,104,112,113,131,184,185,275,459
228,239,245,222,215,207,215,187,214,306,237,221,205,231,237,242,299,316,388,407
95,84,97,86,86,88,90,85,70,110,100,94,92,78,104,103,113,112,161,167
101,86,82,94,93,84,85,72,80,89,101,81,69,81,94,95,102,122,137,180
55,58,45,55,53,56,53,45,46,42,52,37,50,34,38,42,61,54,61,84
1958,2389,2091,1913,2187,2020,2128,1717,1857,2145,2125,2278,2073,2177,2279,2276,3274,3638,5418,6816
2512,2750,2621,2295,2655,2461,2514,2140,2196,2528,2452,2628,2352,2633,2641,2592,3900,4331,6778,8144
224,201,231,233,200,177,237,237,168,301,283,247,251,247,217,237,221,193,232,225
79,74,68,59,82,57,46,49,74,86,64,51,43,62,48,71,103,93,123,183
163,161,146,123,150,151,134,128,117,148,132,121,139,140,147,136,189,221,319,373
270,288,257,229,273,254,266,253,221,299,262,258,263,231,294,310,394,450,620,816
4587,5049,4679,4208,4901,4493,4725,3928,4076,4930,4607,4851,4499,4986,5053,5070,7228,7758,12642,15669
59,58,50,60,65,63,57,49,54,75,60,64,53,70,67,90,164,150,300,412
346,360,456,367,389,447,352,329,357,456,347,437,375,387,390,496,605,823,1412,2186
172,161,176,146,161,168,147,146,123,182,141,144,144,147,150,156,192,203,287,360
104,100,97,104,105,90,96,99,77,103,114,101,87,106,83,103,152,160,200,238
335,339,313,274,321,262,300,314,248,360,318,322,309,297,318,316,402,385,487,515
93,75,70,77,76,88,71,65,62,92,94,74,70,70,84,72,84,98,106,99
27,24,24,20,30,24,22,25,19,31,38,28,28,26,32,45,55,38,56,62
56,55,55,57,76,66,51,50,55,56,44,51,53,65,44,64,99,104,127,158
132,137,119,98,97,114,123,99,80,130,104,94,107,107,99,103,138,141,214,203
104,105,131,132,119,103,116,100,101,155,135,121,115,125,109,144,156,171,214,321
191,193,169,134,191,178,182,135,163,213,164,174,176,167,190,213,251,306,442,557
86,90,93,67,100,87,76,74,71,105,73,91,66,81,104,105,152,207,281,351
421,417,413,388,392,444,364,346,343,389,392,389,358,396,390,428,535,649,1086,1407
902,912,806,770,953,895,866,805,720,965,845,824,760,848,852,949,1300,1420,2114,2641
62,72,88,73,84,111,89,75,82,110,65,101,87,82,84,135,175,217,324,619
569,493,404,364,522,507,454,565,417,452,478,461,479,514,470,524,504,477,804,700
72,59,56,36,46,51,39,44,40,58,41,54,45,49,42,64,67,73,93,105
128,135,94,81,105,129,114,108,93,107,105,104,86,107,83,129,119,137,173,173
507,549,517,357,476,522,440,481,386,416,445,409,412,391,336,393,473,481,650,644
242,242,207,155,220,241,218,222,191,229,227,217,195,197,209,251,242,294,489,552
830,857,788,670,855,913,671,743,575,720,691,727,683,748,553,717,781,924,1313,1603
253,247,216,193,265,259,236,235,187,252,238,252,236,231,218,248,262,301,516,583
61,92,42,107,67,67,104,67,97,59,98,73,102,133,172,122,247,316,708,1056
131,112,107,97,112,91,110,108,84,102,94,109,85,101,82,83,121,112,175,169
416,408,389,371,441,396,398,371,344,459,398,422,392,429,452,470,616,810,1281,1691
175,177,168,166,171,161,138,135,143,192,180,173,167,169,148,186,237,309,452,523
72,91,70,92,85,67,80,63,91,139,120,97,75,106,103,112,115,86,82,86
211,179,187,177,223,188,174,175,145,195,198,159,160,188,185,167,243,270,351,445
304,299,296,242,318,248,282,274,236,332,321,243,255,259,264,318,301,313,373,383
402,327,341,261,418,565,378,388,290,354,406,282,364,359,393,473,698,701,1049,1659
76,64,61,55,73,65,62,44,52,80,47,63,53,61,58,83,97,104,152,245
40,44,39,62,35,38,45,38,45,86,68,61,61,60,59,65,60,37,16,18
74,70,75,127,64,57,91,72,104,188,142,125,116,133,123,148,123,59,18,5
160,148,135,117,128,136,85,111,114,136,91,139,103,155,124,149,150,148,229,243
89,61,88,76,100,78,68,75,97,69,73,96,65,71,56,110,120,119,189,186
67,60,64,65,56,65,58,62,51,54,73,72,68,76,81,93,104,67,64,54
63,89,81,80,66,74,73,66,57,52,72,59,45,71,70,69,109,105,136,123
95,120,81,94,93,99,94,83,90,125,117,119,88,112,106,97,155,93,171,182
76,84,65,60,68,64,67,61,53,64,73,64,61,55,57,74,96,118,160,211
237,250,198,166,231,188,179,190,178,222,189,217,166,204,168,244,231,313,432,670
363,452,382,358,373,367,366,287,336,445,329,357,334,342,381,378,535,612,985,1361
109,116,86,103,133,94,92,103,87,102,101,79,86,93,115,82,169,152,212,259
226,230,215,207,264,221,217,213,191,229,212,203,198,228,239,201,323,339,492,605
96,113,120,122,123,117,107,99,86,112,134,118,100,134,129,140,179,171,184,235
88,101,74,81,62,94,84,64,67,93,95,78,78,89,85,57,109,119,149,157
295,261,232,259,269,257,259,245,222,303,296,272,236,264,284,288,380,376,475,560
70,101,66,61,68,71,78,62,68,77,87,84,52,63,78,75,120,101,167,203
140,106,94,104,109,92,99,91,71,118,93,109,85,96,93,82,141,135,227,240
230,234,237,187,223,225,221,191,174,233,194,202,180,200,213,219,264,300,492,655
198,207,193,184,226,215,212,178,199,247,233,211,215,219,236,263,320,391,586,832
128,130,113,96,116,134,115,103,84,116,122,112,111,127,120,91,162,162,237,283
61,81,58,74,100,70,80,77,69,61,70,67,77,72,71,80,90,76,106,104
92,87,74,59,90,77,99,82,62,77,75,81,86,90,96,107,142,113,145,188
54,53,42,36,59,42,33,45,56,45,48,48,51,43,30,37,72,57,85,77
83,103,67,83,73,80,74,86,72,69,78,80,69,92,88,83,93,128,186,245
126,130,104,111,110,124,107,106,93,126,110,118,106,118,116,122,179,164,212,286
383,342,303,253,324,304,267,324,242,296,288,296,270,287,272,293,398,433,564,656
131,135,110,95,118,119,106,113,100,114,122,89,88,98,84,107,133,133,171,176
137,146,128,126,113,109,124,114,105,132,130,102,111,112,117,106,160,162,254,362
98,116,99,89,98,93,89,88,108,93,96,100,83,85,97,115,119,115,205,224
41,37,26,20,36,39,33,39,25,33,23,36,19,28,13,15,17,25,43,38
84,84,71,54,76,71,71,72,55,59,80,67,53,77,70,66,85,76,86,96
76,78,58,58,91,57,62,61,53,59,76,67,44,50,60,75,92,102,118,165
95,105,102,69,97,90,103,86,84,107,106,101,99,91,104,93,165,170,319,369
176,163,158,136,156,173,141,151,103,155,132,145,135,155,124,149,202,220,297,384
138,146,137,135,141,122,124,137,95,165,155,134,104,135,126,151,195,151,231,272
330,289,269,290,294,296,282,273,238,313,289,277,248,260,279,309,377,410,611,665
211,254,220,209,221,233,193,188,220,226,195,193,173,220,208,229,285,305,404,510
234,277,202,167,236,228,172,200,181,224,170,200,180,196,149,188,275,283,376,434
131,149,152,147,136,138,142,141,117,144,126,133,130,140,129,160,245,264,281,453
142,151,131,134,126,122,134,105,118,172,151,144,123,132,134,139,178,145,184,248
54,63,45,59,69,46,46,31,59,57,56,47,39,49,76,55,74,62,81,59
170,212,205,194,203,195,204,168,194,247,205,217,218,209,246,226,278,305,433,577
254,264,243,224,217,243,272,203,216,290,259,261,241,270,266,260,349,302,345,360
249,250,189,201,208,220,205,199,179,254,234,232,215,248,254,256,303,331,450,519
397,395,380,297,387,361,340,349,311,372,363,342,287,348,337,339,432,442,611,642
81,75,83,65,79,81,88,53,76,75,85,79,68,76,58,60,115,90,121,140
75,91,77,71,77,76,67,51,49,60,70,72,51,73,47,58,84,95,124,123
92,105,83,104,97,91,103,80,94,135,99,116,120,114,126,136,191,210,369,523
88,92,82,80,92,123,88,84,58,64,77,84,80,100,59,65,112,88,126,142
95,106,89,95,106,100,91,91,68,93,93,87,95,75,107,88,99,124,128,126
116,106,81,81,85,92,95,81,66,92,106,91,76,74,77,78,96,98,114,104
91,71,52,72,90,61,78,62,59,77,77,64,69,90,70,92,144,167,286,435
214,314,226,216,279,344,215,246,286,284,276,278,236,275,255,235,419,310,507,555
176,263,239,174,214,225,241,207,221,220,217,227,211,215,210,253,385,407,656,905
312,382,361,326,351,312,359,284,344,466,389,366,364,380,350,432,526,524,728,924
240,240,218,163,231,219,205,213,192,227,239,199,152,205,169,211,271,279,417,593
182,159,175,147,168,138,151,149,159,191,154,160,139,151,144,167,227,248,463,696
232,246,205,197,213,206,204,220,166,235,228,195,194,195,213,241,237,276,351,402
1224,1396,1301,1141,1283,1280,1270,1100,1085,1356,1192,1332,1118,1192,1240,1434,1845,2230,3765,5316
88,120,95,66,90,92,84,77,83,86,76,94,95,116,122,123,191,191,345,487
164,159,159,141,151,157,154,128,155,181,143,162,182,175,215,210,319,306,523,778
46,45,38,38,41,39,39,30,36,44,33,52,38,35,47,43,63,77,106,192
644,668,583,469,671,666,563,603,533,681,557,567,541,524,513,550,775,757,923,1126
214,242,224,165,213,263,161,234,247,194,171,162,184,220,191,180,246,194,316,266
57,76,58,43,53,91,30,43,88,32,26,49,39,62,54,32,62,31,57,12
82,91,94,74,71,80,97,77,89,96,87,97,83,94,88,109,142,136,221,278
53,50,25,44,59,56,44,45,55,52,36,29,41,29,19,21,48,25,44,18
264,285,256,186,258,212,237,251,196,254,229,200,202,202,232,248,286,327,419,539
66,81,66,87,76,76,69,77,80,112,107,82,80,79,75,85,93,73,79,86
54,64,51,57,62,43,53,43,47,45,69,46,48,52,64,83,78,85,99,158
562,631,510,465,533,651,504,550,529,531,542,506,506,562,492,586,656,544,828,845
1,1,8,3,379,2,9,2,3,379,0,0,2,1,3,3,8,0,2,3
126,123,99,134,100,109,114,117,121,165,161,140,137,141,139,154,155,108,95,89
77,81,57,59,65,73,60,58,42,58,61,62,46,55,43,38,50,37,59,38
261,228,194,186,218,235,185,198,189,223,193,202,170,197,189,203,246,280,399,484
130,129,133,133,127,139,127,124,117,160,143,127,127,120,135,138,186,163,216,259
183,197,184,147,186,153,141,172,133,164,158,180,132,150,130,170,219,191,252,314
203,228,164,170,214,192,204,179,191,203,185,201,193,179,229,238,392,441,757,1186
541,533,495,360,512,376,740,522,399,449,454,495,424,654,380,464,437,528,605,578
458,549,672,555,546,661,493,509,529,628,492,637,520,541,580,720,861,1177,2091,3278
170,196,210,184,213,207,193,179,172,233,195,178,202,216,209,214,298,347,573,793
700,648,659,600,711,630,661,594,536,716,653,655,606,676,694,699,900,952,1474,1664
1515,1458,1375,1305,1455,1382,1379,1220,1203,1573,1347,1295,1372,1311,1497,1484,1813,2181,3074,3817
183,181,190,131,174,172,157,144,121,144,141,148,163,112,128,133,173,205,322,376
65,83,38,89,67,82,96,52,67,96,81,88,75,99,136,103,256,260,581,918
143,136,151,159,138,98,147,141,130,196,179,156,158,163,148,167,195,150,196,239
122,164,132,144,141,135,135,110,112,138,144,130,122,148,125,114,150,159,198,260
269,280,240,193,319,259,269,198,249,233,280,254,221,229,295,301,461,552,877,1366
272,297,279,284,315,299,301,253,263,322,290,323,266,313,288,358,518,567,930,1317
475,611,536,465,601,495,528,474,480,548,533,501,475,494,521,554,784,828,1317,1713
122,166,139,112,137,151,118,101,122,175,148,166,151,137,159,159,238,269,494,679
176,176,165,190,159,129,170,154,162,264,240,190,184,189,187,208,187,138,131,114
279,336,328,266,306,342,316,242,295,352,276,381,298,289,280,387,524,588,940,1479
229,238,240,203,217,242,203,201,183,214,186,247,213,204,235,251,365,435,768,1131
326,337,346,311,383,339,310,299,300,357,307,315,306,293,319,368,455,486,700,918
1538,1561,1427,1339,1764,1408,1474,1299,1441,1575,1505,1464,1275,1492,1793,2008,3044,3565,5627,8885
206,254,228,230,263,219,213,180,223,242,242,216,210,237,322,345,499,639,1044,1453
167,143,153,131,135,144,131,121,123,163,145,139,129,122,129,133,185,161,190,222
302,347,323,295,319,292,324,286,264,351,339,318,303,308,382,345,396,518,666,832
946,826,848,795,832,823,828,730,743,892,766,740,799,779,858,855,930,1204,1617,1932
145,126,122,119,108,100,125,101,107,118,107,113,121,139,114,132,200,216,347,492
15,17,15,22,17,19,16,15,8,11,16,21,19,12,20,15,37,22,35,43
177,170,155,141,170,137,168,128,140,170,158,156,142,150,140,165,204,207,248,385
187,177,231,280,187,132,237,207,191,373,347,270,284,270,237,265,208,100,59,24
134,130,116,105,126,106,112,101,100,129,126,126,102,117,106,126,134,142,124,151
94,99,110,110,115,116,109,95,100,117,108,108,99,110,108,103,128,136,217,279
328,314,304,263,310,274,270,293,209,271,303,285,301,271,237,258,308,317,392,413
168,185,203,161,183,174,169,164,139,195,163,185,178,176,176,192,269,299,503,695
294,329,266,288,268,301,286,246,263,296,297,279,251,313,276,331,413,373,557,710
201,196,198,184,225,195,209,191,160,218,230,204,206,204,206,230,262,338,574,773
93,131,99,141,132,126,131,98,156,142,103,134,111,122,145,159,209,277,404,622
393,382,302,368,427,333,363,278,365,453,366,404,384,385,395,439,670,604,1095,1516
528,515,480,469,569,451,526,416,471,513,492,457,457,516,555,589,876,1004,1600,2380
134,107,111,131,126,98,113,138,123,124,135,119,120,124,147,110,146,126,208,210
303,236,211,287,246,209,232,193,216,264,225,194,222,238,277,306,399,432,542,701
137,156,130,138,143,125,121,111,106,164,122,151,132,146,141,182,209,240,319,470
106,113,101,89,98,93,75,86,52,82,84,71,74,67,67,81,102,90,126,135
144,153,128,112,129,132,112,128,95,109,119,111,117,113,98,94,116,127,167,164
946,893,770,671,872,872,812,885,739,869,823,825,794,884,862,909,949,972,1463,1575
136,165,149,161,161,143,153,139,139,203,161,143,145,169,164,171,214,205,280,372
106,119,119,91,104,101,116,100,103,136,116,85,119,107,115,126,144,179,279,418
140,141,122,138,136,120,129,131,131,181,174,147,134,168,143,166,177,132,123,123
108,104,111,130,112,83,117,109,108,167,154,132,133,143,121,148,145,99,108,106
113,104,125,175,107,80,130,106,114,229,204,161,160,161,157,168,147,69,27,23
148,155,151,133,165,136,140,144,112,140,163,137,141,138,142,128,173,198,343,434
137,149,126,162,151,114,126,137,145,216,185,161,149,165,174,178,182,146,137,138
206,233,169,148,177,180,174,185,167,185,199,170,157,176,181,181,194,245,396,524
382,409,428,352,406,396,391,318,361,439,356,403,355,371,402,416,598,709,1107,1646
63,75,58,66,78,81,75,60,64,68,77,67,72,78,62,73,112,89,135,144
89,87,77,84,80,89,88,72,49,78,84,66,87,73,90,86,140,155,251,406
92,87,104,102,91,94,98,67,73,74,89,76,98,70,67,63,124,99,133,181
63,55,43,44,42,44,37,38,36,50,47,48,39,41,32,43,67,60,90,82
99,87,72,63,83,72,79,84,75,81,83,85,67,82,79,105,119,148,208,300
874,850,850,752,846,831,809,746,760,914,777,790,820,771,791,934,1137,1259,1891,2321
132,161,166,131,150,145,169,120,136,165,152,162,167,169,160,175,242,260,435,506
863,990,857,976,896,919,885,762,749,916,1031,979,865,663,893,1170,1810,1734,2511,3579
190,211,172,182,199,173,176,171,141,166,172,168,167,200,161,159,236,266,370,467
186,210,194,174,214,192,198,145,185,242,236,227,201,222,235,276,339,341,441,533
135,141,112,114,144,112,118,110,97,111,121,97,104,103,137,118,171,203,280,383
173,156,164,176,158,179,161,128,146,162,184,147,192,130,137,147,247,259,316,528
323,264,266,239,287,265,200,286,185,243,211,229,220,288,194,220,293,380,549,622
405,365,331,274,317,317,243,291,228,299,241,275,273,311,234,264,323,393,571,641
61,67,44,50,61,51,64,44,51,64,75,50,49,64,40,49,58,29,23,6
287,271,246,251,257,230,221,249,191,335,270,206,230,251,233,245,299,293,348,390
64,66,54,67,73,53,65,43,65,79,82,69,64,57,72,95,90,97,95,164
62,81,67,73,89,96,73,42,78,77,60,76,77,76,76,79,119,111,201,262
615,620,467,479,796,555,481,440,548,551,625,547,449,421,567,619,840,886,1221,1602
198,214,203,157,183,167,149,161,179,192,189,172,138,190,178,182,204,209,272,297
78,77,74,68,73,85,63,72,69,62,71,66,60,75,54,64,107,76,107,133
316,330,284,459,287,291,345,279,431,690,527,508,385,534,476,594,572,334,272,275
278,285,176,195,330,222,208,218,237,323,216,203,183,212,201,225,343,331,426,554
153,152,93,121,150,125,131,84,112,165,133,119,142,100,116,112,199,191,264,364
77,91,69,76,65,89,85,79,79,83,71,80,75,68,77,69,110,84,120,156
59,63,73,53,73,58,44,60,52,69,64,59,58,89,70,52,108,81,112,109
34,41,27,46,32,32,37,37,22,42,38,26,39,51,32,44,72,70,126,162
308,368,357,274,295,321,323,262,242,325,297,261,310,296,340,295,420,489,758,964
134,136,133,99,112,109,99,105,67,94,133,92,90,93,110,88,123,125,181,195
274,301,344,260,273,328,264,241,262,330,291,299,264,278,314,315,383,473,814,1146
77,76,82,78,79,86,81,78,69,68,89,86,65,90,88,83,126,136,172,281
89,91,108,92,92,107,89,97,84,105,101,86,86,101,99,93,131,150,213,258
173,151,138,150,160,141,151,143,112,145,149,130,118,107,122,144,198,204,312,424
231,228,230,219,312,261,260,218,273,264,236,295,311,317,363,373,678,836,1751,2558
103,95,76,76,81,83,69,69,97,105,84,82,73,93,79,99,117,120,150,157
101,126,86,82,120,99,86,108,83,98,114,105,110,88,101,122,125,144,166,218
2493,2165,2064,1732,2157,1989,1490,1697,1684,1977,1496,1900,1666,2029,1630,2064,1911,2589,3591,4531
109,105,121,110,96,91,80,88,96,101,100,88,87,88,73,184,129,148,226,276
146,168,165,155,158,164,173,136,158,149,133,167,141,120,135,152,236,257,385,594
208,228,230,188,217,223,181,200,175,239,205,196,197,218,188,197,249,265,392,468
793,696,722,625,723,682,677,598,634,735,618,639,662,639,696,740,808,994,1402,1603
53,76,64,59,84,103,53,58,73,70,64,72,48,47,73,89,120,119,219,360
284,317,334,323,292,378,334,261,289,367,247,392,298,292,295,468,578,754,1184,2202
187,219,198,232,164,206,222,164,263,361,262,300,247,299,334,371,426,362,573,871
653,684,619,534,726,576,578,517,555,693,616,578,559,607,583,668,880,1052,1603,2095
108,123,100,115,125,95,106,100,97,111,100,93,96,115,130,132,157,184,229,283
247,266,251,468,205,223,316,236,441,733,551,507,364,510,495,605,538,240,45,25
54,135,92,106,72,152,92,74,66,88,180,92,88,90,264,566,725,892,3253,2389
56,128,81,97,61,143,83,68,61,83,171,75,80,86,254,554,707,876,3228,2359
87,88,78,83,99,80,71,70,62,101,85,89,79,81,86,83,136,136,171,217
159,174,152,167,227,128,217,132,130,149,160,189,149,111,206,164,265,175,277,307
381,403,368,326,410,327,382,305,294,422,325,383,366,358,407,392,601,699,995,1248
296,332,352,271,355,263,326,262,324,341,326,333,357,330,432,360,554,714,1080,1458
111,140,125,109,138,122,128,109,129,139,142,119,145,132,160,146,185,189,283,314
242,224,271,246,258,244,214,199,225,275,253,252,221,256,224,241,279,314,470,571
173,181,144,154,163,187,149,170,135,154,141,156,148,192,161,181,198,232,381,410
249,277,229,202,236,228,200,202,197,206,222,202,209,219,199,238,275,282,390,420
1179,1198,1073,1109,1145,1078,1093,1056,1009,1378,1275,1189,1128,1203,1189,1274,1394,1286,1790,1979
813,712,690,647,725,681,695,594,609,737,655,623,665,645,731,699,765,989,1242,1431
1078,938,915,892,932,907,927,773,822,978,889,828,891,863,973,937,1121,1416,1830,2214
163,160,131,114,175,149,138,128,112,127,146,128,121,131,109,144,193,238,294,428
54,66,64,67,69,60,74,67,79,82,66,61,65,66,58,85,99,105,119,202
247,311,229,233,276,275,266,276,224,300,274,297,264,266,236,301,396,371,590,774
234,200,193,221,193,157,199,149,173,215,178,158,189,230,213,220,319,307,409,558
79,95,83,75,90,100,76,68,65,97,92,96,64,76,106,113,141,147,246,373
190,215,165,187,209,196,188,145,151,214,209,188,175,166,191,183,263,283,337,440
34,52,44,44,45,34,43,37,30,49,32,43,43,38,39,60,75,88,121,139
145,172,139,169,191,147,144,158,202,167,164,148,147,137,145,166,261,195,246,336
85,106,83,69,110,80,91,91,87,121,89,87,95,80,92,86,139,107,148,162
804,686,751,614,729,667,682,638,625,740,611,599,698,672,741,791,928,1151,1794,2150
286,222,244,281,172,172,207,156,195,278,204,147,190,202,218,276,357,338,395,587
154,108,147,134,95,97,107,78,135,139,98,90,105,117,148,173,211,285,243,445
86,86,85,82,99,83,86,64,56,99,93,75,70,79,105,104,144,141,201,280
157,184,183,168,192,165,204,155,153,201,167,215,164,186,201,252,296,362,546,745
131,159,164,134,165,157,154,107,146,176,145,156,142,162,158,163,225,299,463,583
536,548,511,571,538,511,545,454,516,713,613,630,522,604,650,658,831,786,1066,1377
182,190,147,160,220,197,180,152,182,172,225,206,168,179,184,202,290,322,492,634
385,354,350,349,367,354,355,334,312,376,348,357,316,334,349,338,512,487,633,702
327,316,325,312,320,312,309,287,259,367,286,314,293,321,332,335,434,543,863,1158
354,393,363,321,361,326,301,311,293,372,314,363,342,345,332,398,474,587,912,1301
84,76,67,63,92,66,61,54,58,78,61,87,57,56,84,84,124,121,181,203
37,48,34,40,33,36,41,34,30,47,36,41,38,42,53,48,84,66,108,85
223,212,230,189,243,254,204,189,206,237,216,229,214,232,207,201,343,363,610,782
144,178,187,165,172,169,152,141,126,177,131,136,168,157,167,161,215,238,357,428
257,275,289,237,287,228,254,244,216,309,273,291,261,247,283,295,356,392,520,667
211,230,225,194,230,224,220,196,202,287,256,263,206,245,228,281,372,342,510,685
186,185,155,152,164,151,145,173,133,200,174,168,155,187,174,203,243,228,345,431
363,395,380,380,365,324,337,327,343,465,424,421,352,363,352,446,491,489,685,958
205,225,205,260,214,213,252,173,229,345,289,294,260,302,312,319,400,391,526,646
213,260,263,219,245,245,267,228,216,289,260,307,227,264,280,310,407,518,858,1248
455,462,435,504,477,493,503,387,478,642,530,550,510,585,587,556,784,754,1185,1524
225,221,160,188,212,194,202,169,169,219,203,209,195,174,186,235,302,315,487,578
329,331,281,261,295,314,285,299,258,305,281,304,252,300,273,333,389,431,733,956
143,161,131,117,171,149,174,92,137,198,167,212,112,149,147,200,240,205,297,504
100,110,112,118,92,90,120,89,116,169,139,136,108,153,147,149,182,165,236,257
211,246,201,214,202,229,250,212,224,280,237,281,229,279,272,315,410,428,730,958
151,162,167,156,162,124,152,132,113,158,149,154,142,147,132,137,205,225,320,377
288,314,283,270,286,301,288,250,250,345,275,289,246,269,325,302,465,458,661,885
540,596,575,553,583,578,587,493,529,672,598,657,593,572,602,735,938,1025,1439,1831
222,243,242,199,238,215,242,189,199,245,221,217,240,217,236,212,321,403,665,772
224,250,269,232,278,225,259,212,211,277,239,270,255,251,308,304,402,516,831,1058
91,113,58,64,87,93,120,74,54,66,75,103,61,58,50,67,81,76,87,76
161,162,158,135,146,166,154,141,136,165,155,171,122,146,167,199,249,289,445,506
266,278,263,223,267,280,263,239,224,265,228,226,238,231,232,256,312,315,450,533
108,107,83,77,71,86,91,84,52,65,88,53,72,62,67,62,98,93,112,115
106,148,108,100,151,68,96,63,123,115,119,91,81,95,81,81,135,128,113,116
36,48,46,37,56,51,43,42,56,43,41,46,33,50,82,76,98,128,208,271
361,343,329,285,333,323,297,284,280,344,303,329,269,296,290,341,441,466,729,955
132,148,136,110,128,115,136,91,111,131,127,134,125,143,130,147,215,269,439,622
260,255,191,149,228,188,104,140,143,191,113,204,152,210,144,204,176,236,339,407
86,90,77,83,99,97,95,89,76,110,86,100,93,105,103,120,158,211,327,290
450,450,404,414,416,410,388,343,371,420,418,372,363,360,344,431,534,547,741,874
153,157,107,105,128,100,137,114,121,116,123,109,102,118,93,117,160,176,222,339
129,128,127,163,122,109,131,132,131,205,170,167,138,155,151,167,176,124,105,121
101,109,99,93,116,88,94,111,99,104,102,102,74,100,82,109,119,118,140,162
598,595,517,517,531,551,460,476,419,519,490,464,465,494,459,501,667,773,1160,1557
70,77,42,54,85,73,78,75,63,75,83,70,55,65,79,92,123,125,203,242
68,46,52,49,54,59,34,67,49,57,42,49,50,68,43,44,56,66,109,95
101,102,106,113,101,99,106,63,80,116,88,99,98,104,105,133,169,183,242,302
545,507,463,420,460,469,431,420,400,473,414,437,404,458,405,494,630,742,1164,1546
79,105,88,87,118,92,90,79,96,103,73,81,88,92,113,124,195,286,363,481
239,230,161,164,260,175,183,166,170,177,216,179,165,169,209,229,348,380,594,863
121,160,127,117,135,139,122,122,122,132,134,110,103,116,111,133,151,119,207,219
129,121,110,90,139,90,91,97,94,93,124,105,100,84,96,101,159,178,262,384
101,108,127,107,126,104,122,82,90,130,105,109,125,122,126,114,196,190,330,414
68,85,48,48,65,83,85,61,73,70,85,74,101,100,107,125,196,244,536,663
67,64,81,63,84,126,83,72,108,109,80,105,100,97,106,134,223,248,399,714
169,148,148,177,172,145,152,132,141,194,195,146,163,196,159,187,269,208,283,382
109,123,116,106,130,119,109,121,105,144,136,139,127,127,109,145,155,150,219,225
100,111,67,64,95,73,81,69,73,70,97,91,74,73,93,77,121,145,241,320
168,192,130,188,173,152,151,150,151,178,188,167,144,142,179,161,255,205,271,266
202,187,172,187,193,169,187,135,142,196,169,161,148,172,176,153,235,236,312,350
135,137,112,128,133,126,118,96,81,106,117,101,91,118,131,98,161,157,189,232
208,174,217,189,238,193,226,161,176,222,221,182,201,192,233,251,370,399,728,928
58,74,76,64,66,82,62,76,62,77,54,64,47,53,81,64,124,113,144,195
210,164,189,191,234,210,220,176,187,199,143,203,174,190,192,285,341,303,657,815
235,264,240,218,224,247,263,187,207,259,199,230,209,217,262,295,380,542,797,1103
1312,1148,906,757,1637,920,1107,819,1063,1001,1348,969,845,935,1253,1207,1855,2108,3229,4645
516,503,396,394,493,415,431,437,348,405,428,389,361,347,339,419,492,511,656,866
43,56,58,36,51,43,57,31,57,36,42,55,31,46,32,70,107,84,187,266
91,134,115,121,114,130,115,97,103,115,99,172,104,102,109,145,202,209,291,414
49,51,46,56,61,51,45,51,59,55,55,53,53,38,64,85,112,100,150,161
24,26,22,22,29,20,19,23,15,18,25,18,15,15,14,16,13,10,16,17
314,326,280,279,314,307,340,247,299,375,360,352,281,321,300,322,439,431,580,650
164,181,165,141,167,147,148,121,129,167,156,162,128,167,141,130,205,217,303,393
218,254,211,173,239,202,185,216,182,180,171,204,167,179,147,187,208,267,306,338
700,795,885,716,809,816,752,668,703,877,704,800,679,772,831,870,1146,1461,2517,3623
118,106,108,99,119,87,124,106,93,140,126,94,121,109,143,158,252,244,414,525
214,212,180,167,221,187,195,182,170,197,204,143,150,164,181,183,229,278,353,436
360,359,328,336,389,358,344,286,265,357,306,313,274,308,326,349,463,562,761,996
64,77,63,61,61,72,71,61,63,73,62,95,65,64,65,64,119,105,154,197
295,292,290,255,308,283,259,274,223,312,266,264,265,273,295,279,376,437,655,716
239,257,221,200,222,219,209,207,185,242,206,187,182,213,214,219,267,316,418,438
82,75,57,61,75,77,72,40,55,73,59,57,60,63,68,50,97,101,135,158
354,357,294,312,333,310,333,311,264,336,340,330,322,292,353,343,428,461,643,730
214,226,266,227,256,258,205,212,208,273,219,242,209,249,289,314,385,548,992,1492
30,34,45,40,17,30,25,27,22,32,37,73,39,39,34,41,55,56,75,104
583,655,650,564,668,607,692,491,571,698,564,623,632,577,737,874,1149,1404,2386,3245
204,259,250,207,195,265,231,214,215,251,216,293,228,221,224,279,382,425,759,1261
63,64,42,75,76,88,62,48,65,73,67,63,60,63,46,78,126,105,156,205
103,112,114,84,120,88,101,107,99,116,101,123,89,93,95,94,140,136,215,260
139,141,98,140,148,130,122,121,134,132,131,107,112,143,174,124,202,172,226,259
94,84,65,84,96,67,85,58,67,78,63,63,70,70,44,56,108,49,78,81
158,186,207,156,200,185,179,179,159,188,194,226,161,182,162,222,344,403,774,895
241,274,247,214,225,248,224,187,198,283,235,219,251,240,245,254,351,402,637,838
306,274,258,243,290,280,273,280,229,289,268,273,214,261,240,260,328,324,459,526
138,162,153,138,160,121,139,130,149,150,148,164,136,147,171,167,292,312,615,812
274,319,341,311,342,314,386,271,285,335,312,381,365,383,370,414,611,692,1308,1555
119,126,93,97,126,84,86,94,108,111,107,104,84,78,95,122,157,149,181,249
222,217,226,206,195,231,189,198,174,228,187,213,202,211,201,262,326,367,614,885
339,346,311,286,333,307,342,306,267,353,335,282,307,289,335,302,357,430,629,757
235,222,205,239,242,218,235,211,218,303,248,237,229,265,253,308,350,369,512,668
302,327,321,230,294,283,260,220,238,290,272,301,245,285,281,258,404,506,805,1046
196,176,158,146,140,172,150,179,110,149,123,136,141,162,111,136,181,217,325,451
206,213,149,144,281,221,177,130,177,191,206,153,140,131,180,202,268,305,501,629
149,168,157,117,144,123,154,154,124,165,159,133,141,130,156,174,169,199,287,288
414,450,411,350,433,434,404,381,362,453,393,401,370,380,443,448,524,689,1083,1426
349,436,401,354,398,378,423,347,360,448,380,422,399,425,427,477,722,836,1492,2234
112,141,122,124,135,118,136,106,107,147,137,118,118,138,121,143,200,216,337,421
247,223,154,152,203,195,180,197,143,162,164,176,161,207,195,192,196,214,379,354
67,80,54,65,73,62,72,54,68,89,75,92,62,66,69,89,120,99,154,232
259,236,247,233,229,209,216,216,241,343,286,245,241,242,228,277,312,275,298,361
83,92,65,57,80,77,71,81,71,89,73,70,58,82,79,70,127,115,151,158
91,102,101,86,109,111,103,82,109,105,97,101,82,105,115,108,165,189,281,368
191,200,196,183,196,210,191,164,164,225,207,195,207,193,186,193,232,245,348,350
146,155,144,113,153,103,93,127,109,125,129,91,80,108,93,105,116,115,144,143
75,67,62,65,76,41,68,53,57,75,74,64,69,60,64,56,84,74,112,147
112,137,103,105,120,115,114,101,114,149,113,116,106,110,129,149,181,203,270,404
71,88,72,60,65,70,81,68,61,77,70,70,76,93,75,89,107,124,167,185
240,246,225,172,220,233,213,179,162,214,217,219,179,192,175,183,266,305,381,423
148,129,124,163,153,139,158,112,135,193,148,143,133,153,136,166,215,155,191,296
242,253,274,240,248,283,235,232,211,292,251,245,217,238,248,280,350,413,660,927
154,175,154,134,145,132,144,115,124,142,153,153,132,144,157,185,215,246,374,472
161,182,145,152,157,142,166,117,117,166,132,123,156,130,152,182,205,249,347,452
