1038,573,515,459,240,196,370,247,183,264,264,200,172,159,186,228,175,232,243,261
632,467,377,462,310,324,286,256,196,230,237,235,305,253,230,306,211,258,251,334
324,263,226,228,180,132,170,145,142,145,146,137,149,123,146,155,171,171,210,214
683,344,313,322,310,170,247,161,140,170,188,149,202,174,182,212,197,186,255,239
771,392,292,370,285,194,196,228,186,174,185,200,206,203,191,174,219,236,199,270
934,485,437,411,319,238,314,273,275,281,270,280,258,215,263,230,286,289,313,326
2763,1491,1223,1180,946,821,849,908,811,793,831,744,818,702,798,706,886,871,873,997
468,223,175,193,162,137,132,148,134,131,130,150,137,136,161,104,169,152,145,172
3560,2261,1947,1936,1687,1167,1532,1481,1203,1330,1603,1591,1331,1112,1130,1537,1094,1254,1337,1578
10141,6329,5380,5574,4875,3740,4341,4432,3960,4032,4071,3723,4088,3802,3968,4036,4326,4969,4773,5379
349,209,183,222,189,134,153,121,95,116,142,112,147,117,118,155,115,126,172,155
2342,1791,1514,1531,1288,1178,1111,1269,1040,1187,1212,1074,1494,1115,1093,1320,1438,1323,1353,1543
4860,2679,2662,2750,1551,1172,1679,1287,1107,1245,1182,1182,966,769,1183,1195,999,1292,1340,1398
690,514,441,429,350,321,276,309,292,264,286,290,340,270,298,364,347,336,436,462
2058,1550,1447,1539,1313,1206,1219,1277,1267,1109,1133,1111,1267,1122,1105,1304,1334,1253,1441,1380
216,114,111,140,98,71,93,73,76,71,81,62,75,88,66,88,77,97,96,104
3821,2378,2145,2207,1759,1652,1987,1805,1655,1501,1657,1498,1643,1309,1615,1969,1642,1828,1824,1800
2856,1572,1360,1370,1035,711,947,1002,795,902,1007,851,896,692,701,951,844,911,1038,1288
972,521,427,339,253,207,222,213,223,249,254,162,142,164,188,163,154,207,236,155
4006,2176,1818,1832,1474,1009,1351,1332,1071,1176,1327,1097,1200,921,976,1244,1160,1214,1430,1593
788,500,385,473,380,295,315,319,249,300,327,288,318,231,263,301,299,373,367,463
1019,510,378,310,223,195,203,210,230,232,229,156,137,120,201,142,156,186,251,154
1375,783,628,533,409,304,313,324,319,377,332,220,234,226,312,257,281,369,407,276
720,383,278,250,177,141,151,155,135,203,180,130,98,132,158,115,120,150,172,140
10678,5454,4380,3315,2613,2207,2207,2292,2231,2669,2469,1744,1616,1383,2087,1665,1675,2128,2615,1800
529,298,273,248,207,169,201,186,160,162,200,153,164,148,134,147,135,205,232,189
477,349,302,350,242,229,217,184,164,189,183,179,231,193,172,239,170,204,212,251
1039,488,342,379,230,132,252,253,159,176,208,158,150,123,139,171,172,184,182,232
1713,1145,1028,944,835,761,804,815,680,745,771,651,695,646,681,732,721,777,821,884
1150,545,435,468,335,253,268,301,224,239,283,198,240,252,252,212,275,343,273,384
1499,746,586,659,490,322,389,364,301,324,357,262,342,302,313,295,377,413,360,474
439,310,277,290,223,215,199,203,168,185,169,178,242,212,183,207,258,237,273,323
335,274,273,336,268,222,206,242,195,209,210,212,263,197,231,207,269,285,280,307
82,74,63,66,59,50,44,45,44,43,44,37,54,56,35,51,70,68,46,67
450,340,280,319,271,182,219,226,203,191,173,210,215,186,185,224,239,236,262,294
245,170,139,144,117,183,129,178,106,104,121,127,144,93,146,122,162,162,133,182
1203,867,728,885,734,684,675,677,596,631,667,642,761,603,612,732,824,789,786,880
340,203,162,193,162,125,166,140,137,143,140,131,157,135,118,120,162,138,163,213
372,246,240,279,238,205,201,236,177,211,174,173,213,181,197,232,210,212,242,284
334,224,208,222,157,155,163,185,156,160,158,175,166,140,135,156,188,182,191,229
156,107,100,112,93,95,72,85,78,83,74,85,109,91,83,103,107,112,117,128
377,267,234,264,239,183,198,183,193,171,185,184,198,148,189,218,233,222,255,273
215,132,122,132,118,67,76,76,58,64,91,94,78,68,71,92,71,68,87,98
69,203,76,233,267,191,364,168,395,139,268,281,163,116,200,421,401,177,328,134
1378,787,660,717,540,390,456,462,407,448,425,403,423,396,422,447,480,532,556,613
106,86,85,98,65,59,65,62,52,43,51,48,58,48,53,70,68,66,63,83
74,66,43,63,47,41,42,47,43,38,45,39,63,56,49,52,65,54,59,59
249,161,191,177,130,121,138,123,109,118,118,107,115,121,135,128,146,190,152,188
375,267,227,205,186,158,167,180,162,151,168,161,154,145,164,152,201,199,184,250
78,98,62,109,109,81,83,82,117,77,89,101,104,103,79,108,132,87,140,95
268,215,160,213,191,148,210,142,181,148,181,178,167,122,122,183,202,135,199,195
1303,888,819,898,778,625,642,668,630,627,626,600,669,600,601,699,724,782,779,856
123,59,50,63,41,56,61,58,52,49,52,44,69,38,42,48,52,45,62,59
1658,1052,994,982,856,665,740,745,631,709,671,622,777,650,667,709,746,834,853,998
209,117,148,149,130,79,102,88,84,103,82,86,84,96,98,113,110,132,111,166
144,115,91,137,103,64,89,89,98,90,95,82,136,78,78,94,125,132,139,139
371,237,227,219,196,112,156,167,138,149,122,122,140,147,173,154,166,246,173,237
832,563,505,564,485,342,397,396,351,378,429,409,430,348,355,483,406,467,463,525
178,102,97,100,105,76,60,83,82,87,69,88,94,85,62,90,102,102,78,112
160,112,113,99,101,73,70,74,79,81,72,69,107,90,79,99,100,100,119,106
217,146,125,136,115,77,117,95,121,90,105,116,106,88,96,111,134,89,126,132
512,322,310,326,248,206,259,230,214,214,221,211,267,222,204,224,259,259,295,303
355,222,173,177,153,108,145,135,143,116,108,154,133,119,109,115,155,139,142,197
552,349,301,314,270,218,226,232,213,230,213,209,233,189,235,242,269,319,267,327
542,457,396,397,341,272,290,324,256,270,256,265,314,264,274,294,320,355,391,420
1202,707,675,595,502,400,463,426,385,421,429,392,471,402,355,410,500,507,543,664
499,315,251,255,214,166,205,197,172,209,176,171,197,173,168,186,201,215,219,263
246,181,153,144,137,91,96,124,88,100,79,96,120,101,102,96,126,133,137,190
196,114,95,112,100,81,99,93,81,81,83,89,92,80,84,69,86,107,96,131
481,316,269,277,184,161,197,208,153,185,208,177,231,181,152,172,173,209,206,230
95,91,60,84,81,58,54,83,58,89,54,66,84,65,47,69,43,49,67,56
390,278,218,254,231,175,156,190,161,182,180,140,221,147,170,166,180,195,209,221
636,464,400,469,356,303,291,325,297,291,280,274,340,273,288,343,345,366,368,410
2200,1531,1360,1363,1160,984,979,1091,958,1037,973,1003,1083,898,924,1109,1150,1153,1239,1393
99,85,93,108,91,74,63,77,79,58,65,74,96,74,73,93,90,92,88,88
547,361,322,372,307,287,273,282,256,282,252,264,288,249,281,324,351,309,339,399
217,174,174,146,142,132,115,110,87,105,87,103,120,109,105,127,129,148,149,186
294,243,227,244,185,138,163,177,131,149,151,145,191,151,163,192,174,194,190,259
150,131,95,146,125,98,122,92,126,105,103,95,88,66,105,149,148,111,129,123
73,43,50,72,49,43,60,61,43,41,45,38,60,44,49,40,64,60,73,65
210,172,124,159,146,95,144,128,138,115,113,115,131,119,101,129,173,127,157,161
273,216,181,230,216,162,189,194,200,170,205,202,219,147,164,202,265,183,231,224
287,227,207,220,196,172,165,222,178,168,178,214,213,147,152,195,213,177,217,225
152,96,94,115,100,73,65,59,61,69,77,73,96,59,67,94,90,90,94,100
92,86,79,88,79,65,62,62,64,66,56,56,101,75,82,91,90,98,93,108
204,130,117,123,107,79,81,96,108,89,93,99,94,92,110,127,125,124,129,172
325,210,181,166,156,126,127,156,138,133,139,133,156,121,140,131,150,160,146,196
160,119,107,126,120,106,104,112,81,88,82,81,94,90,80,84,101,114,102,121
131,108,122,109,93,93,74,85,71,84,74,79,98,82,86,93,83,113,115,130
186,121,120,141,105,114,88,110,93,104,100,110,133,99,99,130,119,122,127,137
1055,594,630,639,355,271,404,268,230,284,269,290,211,174,286,268,229,290,281,295
749,599,540,564,500,471,401,517,389,483,385,429,489,401,439,482,530,524,554,573
174,158,139,191,137,104,100,156,100,111,68,88,125,124,107,119,125,158,186,150
195,124,101,86,74,63,74,69,62,61,60,54,62,55,76,85,80,72,79,81
287,228,178,205,192,129,143,141,124,134,132,117,152,124,135,131,150,177,179,214
447,387,319,398,394,271,229,275,251,337,235,239,444,300,308,349,323,360,351,343
74,72,46,48,58,40,26,33,43,48,31,37,52,45,39,29,51,38,46,61
157,77,64,87,49,47,53,52,54,43,50,39,47,41,46,64,54,62,63,54
369,258,249,236,196,162,195,182,149,158,154,171,179,178,106,175,133,162,194,260
269,206,156,189,183,110,132,165,117,148,103,122,148,115,120,150,127,145,151,175
101,147,88,173,165,115,185,113,217,109,151,160,132,92,120,193,200,111,194,123
949,727,654,720,609,445,570,578,505,510,542,479,604,448,488,546,590,618,662,684
1346,1020,901,933,778,717,714,805,689,668,667,601,703,631,667,745,665,773,828,847
319,209,192,231,175,122,164,149,146,147,153,150,173,146,142,169,185,177,213,221
269,161,157,174,128,96,108,120,99,108,111,112,144,102,109,121,129,141,151,155
219,141,163,123,135,73,84,102,87,76,89,89,96,88,92,104,70,92,105,124
368,254,255,266,218,170,207,234,199,176,237,204,231,165,141,175,179,154,193,223
152,116,128,115,106,96,98,80,85,84,83,79,97,81,87,92,102,110,113,137
505,332,266,293,257,196,222,209,236,217,220,219,201,202,196,260,279,256,308,339
213,191,145,182,138,111,98,137,91,95,108,113,138,100,103,117,119,133,153,188
26,23,11,38,33,19,10,20,22,27,13,18,24,17,9,25,14,26,18,31
12,9,7,13,13,10,8,6,9,9,14,6,10,6,3,6,10,12,7,15
932,517,450,471,330,287,377,367,281,293,325,332,411,247,223,277,339,332,400,460
496,253,243,210,162,160,162,170,130,156,167,162,167,97,131,172,154,185,166,232
250,137,127,152,100,83,107,96,75,88,92,93,95,67,73,100,101,108,129,160
468,302,263,334,233,195,226,220,199,206,200,237,226,222,175,216,232,215,299,349
106,99,113,57,70,109,111,104,58,71,112,81,107,47,116,88,142,101,55,100
85,83,49,31,40,90,43,81,30,38,24,41,38,26,63,39,59,69,32,54
378,255,202,275,203,179,219,222,172,170,222,193,226,147,144,184,214,175,241,286
1124,625,507,544,397,296,416,387,295,327,351,359,385,296,252,301,377,367,442,551
1303,695,566,613,415,319,443,413,308,373,397,375,427,312,256,345,356,404,457,573
734,394,306,370,193,167,278,237,189,198,242,233,231,178,157,193,236,216,301,395
291,451,71,287,123,221,105,184,70,128,247,99,145,157,47,168,187,188,171,133
224,125,118,131,80,80,81,67,78,78,78,78,76,76,58,51,92,86,96,116
247,152,112,159,105,81,90,90,81,80,78,81,104,86,77,77,100,93,127,122
3080,1476,1163,1179,941,692,797,815,681,640,743,589,661,628,680,617,797,833,675,883
531,237,197,175,130,102,143,138,98,85,143,81,92,100,102,89,135,117,110,121
599,310,214,206,163,144,135,175,155,142,129,139,158,124,170,103,199,176,127,167
4281,2172,1791,1884,1475,1076,1298,1233,1027,1083,1151,980,1097,919,950,1021,1172,1191,1242,1444
4784,2529,2126,1783,1553,1284,1497,1359,1194,1379,1470,1164,1112,1041,1112,1136,1187,1315,1423,1431
887,449,320,360,256,240,241,210,205,184,219,188,180,175,198,181,230,247,218,255
1279,630,450,449,376,294,328,303,256,254,318,242,244,192,224,240,280,295,248,295
1105,520,382,321,298,232,261,226,173,218,268,181,187,145,162,170,218,219,199,237
2325,1420,1170,1062,964,855,913,897,774,811,876,725,765,672,731,781,796,839,849,950
2600,1496,1282,1133,1025,882,967,950,810,828,936,743,787,713,780,816,857,908,899,1006
1967,1197,1048,940,812,749,805,818,706,686,777,617,674,634,688,726,722,787,785,876
687,349,255,269,187,184,188,190,160,137,185,132,133,128,169,158,184,198,176,197
1115,616,518,580,434,295,365,373,279,328,320,262,341,313,291,295,311,417,353,439
1602,856,742,754,584,423,453,511,403,413,458,378,415,407,435,393,408,574,498,675
266,159,122,132,116,81,107,120,108,101,89,84,102,81,87,102,124,122,114,122
1072,544,460,500,364,272,303,299,233,279,274,203,293,260,240,262,318,333,352,415
3073,1674,1155,1248,974,656,898,856,761,958,734,728,761,689,665,743,781,861,874,926
3271,1719,1225,1146,799,743,920,784,641,747,766,632,662,631,489,656,680,801,880,859
1874,1029,907,857,718,517,681,711,570,616,568,576,599,522,555,540,676,737,683,866
11015,7009,6055,7187,5483,5818,6125,6211,5311,5978,6162,5763,5895,5529,4720,5245,5203,6366,6254,5968
6747,4072,3542,3788,3124,2524,2815,2766,2488,2710,2639,2407,2674,2466,2369,2469,2651,3083,3138,3234
6377,4258,3726,4623,3391,4032,4207,4158,3535,4147,4249,4204,4100,3865,3016,3439,3447,4185,4189,3760
1528,680,512,428,348,256,327,258,252,333,319,269,235,214,204,188,252,235,272,285
1461,631,461,392,324,220,304,221,226,317,291,232,197,184,174,161,216,203,240,258
4285,2014,1584,1591,876,586,1054,986,678,843,848,616,579,546,617,643,674,755,703,921
7459,4285,3523,3427,2992,2041,2627,2230,2182,2600,2435,2145,2207,2089,2059,2137,2344,2637,2691,2904
4330,2401,1980,1808,1602,1039,1426,1181,1114,1365,1295,1154,1224,1041,1137,1022,1258,1388,1508,1708
2761,1360,1043,880,753,467,704,463,527,683,604,498,474,326,356,369,398,479,542,517
1306,654,540,359,280,270,259,292,280,300,278,172,158,137,226,178,176,240,296,175
2077,974,761,601,521,351,491,339,366,500,451,377,307,236,261,255,258,302,392,347
1151,620,509,441,336,262,318,354,319,293,331,245,238,180,257,247,254,275,335,299
1156,419,330,357,264,172,225,170,207,245,229,150,186,148,131,158,190,159,215,239
1235,655,548,488,374,282,326,324,276,345,327,245,264,233,296,279,288,360,352,316
2630,1446,1185,1046,829,616,716,648,612,740,665,496,540,490,614,527,584,704,787,654
115,55,62,71,63,56,36,40,30,32,32,40,46,26,23,34,40,56,53,45
315,152,140,140,98,72,99,105,77,89,92,70,68,63,67,60,68,86,96,104
2046,1057,939,719,639,477,474,489,559,469,484,321,328,323,434,319,349,443,642,392
3305,1630,1530,1198,1151,800,804,835,886,785,828,523,564,538,706,546,621,694,1060,671
5350,3099,2782,2987,1755,1275,1949,1524,1144,1410,1385,1399,1248,990,1184,1443,1223,1577,1657,1748
5243,2869,2806,3037,1635,1272,1926,1485,1191,1401,1413,1323,1151,875,1226,1384,1148,1454,1537,1724
968,594,537,599,407,349,400,379,352,360,362,320,335,302,326,350,325,342,411,415
586,309,281,325,213,158,242,193,151,130,207,194,184,158,131,195,233,246,291,334
613,348,326,378,215,182,229,189,166,169,175,146,154,104,128,161,114,164,195,199
3441,2068,1732,1667,1320,1061,1420,1350,1131,1208,1313,1114,1267,1040,996,1218,1344,1318,1464,1706
876,583,552,600,433,387,399,389,373,332,329,271,359,312,385,370,408,449,451,491
5250,3301,3101,3145,2579,2001,2073,2213,1996,2140,2197,1992,2302,1910,2053,2331,2263,2405,2455,2879
575,425,367,403,338,270,295,307,261,315,260,278,320,259,270,312,288,325,337,399
1364,804,762,861,559,495,526,544,471,459,539,465,600,411,451,581,575,558,585,695
174,104,75,117,79,66,54,66,59,71,54,56,71,56,53,67,77,78,84,118
297,143,148,153,97,102,91,102,63,119,76,60,74,50,67,51,78,81,111,110
164,156,135,152,100,137,126,106,88,98,93,102,147,105,85,92,101,131,139,159
320,224,173,178,118,110,146,102,85,113,110,112,134,92,84,82,110,107,142,183
62,58,45,57,43,67,50,39,28,37,27,34,74,23,25,23,35,62,44,42
34,20,24,43,24,34,23,26,9,25,18,12,26,16,9,22,15,19,27,35
1507,983,872,1043,781,619,743,747,609,566,599,549,698,585,563,664,772,736,810,871
154,133,90,99,75,72,67,67,74,74,73,65,78,60,62,90,72,106,87,111
4150,2389,2018,2250,1559,1420,1681,1596,1450,1271,1486,1250,1443,1200,1415,1605,1542,1555,1693,1779
686,386,325,338,268,246,276,258,222,203,219,184,227,194,231,246,233,228,278,248
59,35,30,47,36,30,29,28,27,20,21,25,25,19,20,20,30,25,37,45
659,464,355,408,328,248,283,292,220,285,311,272,294,241,247,274,274,287,330,393
857,512,488,474,488,305,344,315,315,322,328,246,333,290,277,290,362,314,428,370
679,367,315,302,239,160,215,176,170,197,204,156,211,168,159,166,187,194,257,265
702,429,376,381,314,220,277,245,230,253,241,224,248,201,207,215,261,251,316,335
145,112,93,129,110,85,74,84,80,78,81,78,96,81,83,104,121,99,88,121
3846,2120,2115,2195,1205,904,1338,1027,825,983,941,966,781,587,947,969,801,1080,1039,1127
1337,968,855,909,784,726,748,773,698,619,726,590,678,593,673,706,703,733,772,869
195,122,79,123,72,52,78,57,65,74,99,61,82,56,47,70,74,81,82,90
548,396,365,406,323,311,312,345,254,272,289,272,348,283,287,239,314,335,377,441
204,176,140,163,137,96,125,122,92,112,117,92,141,103,102,107,132,140,137,169
356,248,183,225,156,129,154,122,111,151,119,120,152,117,129,146,135,159,153,238
170,117,99,120,97,89,75,103,60,73,69,78,105,56,80,82,98,96,119,144
26,23,13,24,11,15,10,18,17,15,13,14,14,15,13,14,25,22,30,26
74,67,67,74,67,67,43,55,50,46,50,57,75,62,45,77,67,79,74,86
112,111,80,115,68,83,69,65,55,51,66,40,81,67,51,79,77,60,85,89
99,68,55,83,37,39,64,54,34,32,38,41,57,38,29,45,48,46,73,59
79,37,48,62,43,38,52,33,33,33,39,29,59,32,39,23,45,37,46,49
276,246,192,241,180,167,143,165,134,115,142,124,180,138,142,169,163,164,230,214
51,53,36,53,47,20,33,26,32,44,24,26,41,24,27,31,32,43,42,30
78,79,61,69,67,38,66,30,50,43,57,34,66,44,41,46,51,49,67,83
414,257,255,252,199,171,198,161,133,143,178,128,201,129,127,162,165,174,195,239
62,52,17,52,47,41,54,35,61,34,71,41,78,40,41,41,51,37,50,68
129,84,68,105,61,92,89,40,52,49,56,31,68,75,60,42,70,63,81,70
480,434,340,348,305,296,354,277,318,293,340,229,358,288,254,273,298,329,295,362
78,55,61,124,78,76,41,72,47,71,67,52,94,59,50,78,60,80,73,63
30,26,17,27,19,19,15,23,13,22,31,19,28,13,13,27,26,25,16,39
262,191,172,181,113,155,120,126,114,127,144,143,135,123,127,165,138,128,140,152
100,70,87,112,78,78,51,82,61,71,89,58,60,65,49,66,57,71,93,87
247,270,207,298,286,215,246,241,252,189,266,272,242,177,221,294,317,237,295,258
24,38,21,48,27,26,26,26,31,28,27,30,30,30,25,31,40,29,47,30
30,20,21,30,22,29,19,35,16,25,23,20,30,28,21,22,24,28,42,33
25,21,13,41,33,14,9,22,19,20,12,15,26,23,12,29,19,24,29,26
89,63,54,81,58,61,47,47,32,47,43,37,57,49,45,39,59,57,68,60
346,323,252,367,347,267,313,271,341,232,294,302,324,254,257,347,384,277,429,314
875,543,466,460,388,329,351,379,325,312,334,315,344,290,278,322,394,367,421,480
30,30,22,43,41,27,31,24,30,29,21,30,38,38,25,25,31,31,44,39
101,64,50,70,58,50,41,42,44,46,46,38,58,46,47,49,60,49,44,56
2369,1893,1485,1710,1267,1206,1204,1394,806,1039,1122,1046,1319,1113,927,1159,1052,1177,1470,1746
492,413,303,378,305,278,322,326,213,300,304,224,282,273,228,268,311,274,337,310
2080,1704,1219,1567,988,1227,1075,1408,677,1027,966,789,1173,955,770,1063,888,1049,1135,1604
1235,920,555,797,513,563,586,617,323,429,488,359,691,439,355,562,455,501,581,857
517,432,273,351,200,250,250,319,145,204,222,153,244,211,162,206,173,194,227,350
220,160,126,162,113,101,104,113,113,118,114,91,110,113,90,99,123,124,127,164
802,774,707,790,709,569,463,649,481,472,479,586,701,508,511,633,572,636,835,795
897,747,668,687,679,560,468,617,458,528,453,483,675,453,512,584,546,614,676,696
205,171,143,163,139,128,94,145,77,119,130,93,114,126,90,86,101,118,103,128
192,179,133,150,135,145,146,170,88,139,139,109,100,137,87,117,99,109,139,122
166,182,153,192,172,123,132,153,137,111,126,127,168,114,123,162,166,167,192,178
53,31,64,55,65,57,18,55,37,51,33,18,91,53,51,64,35,55,22,26
211,149,170,167,173,153,103,139,104,149,113,84,204,128,124,168,119,175,135,129
546,310,281,285,224,141,204,162,175,176,184,162,155,140,144,148,171,166,218,205
1436,956,759,859,684,566,574,584,490,523,527,540,604,523,521,602,540,585,630,722
4723,2951,2642,2987,2383,1907,2021,2029,1857,1845,1844,1738,2051,1785,1812,2099,2108,2198,2371,2478
772,517,450,550,465,339,352,392,373,356,284,333,408,368,333,397,417,438,443,482
351,518,304,578,606,469,732,432,810,406,581,588,478,379,444,826,836,452,747,426
1010,699,675,595,555,472,426,557,461,458,500,472,579,451,417,489,459,540,655,552
104,108,93,137,121,92,98,79,104,92,82,84,112,83,78,105,114,88,121,92
185,156,113,145,110,95,100,111,107,107,93,91,114,125,99,96,116,106,138,142
1500,1354,1005,1550,1383,1078,1376,1063,1529,1049,1192,1218,1234,987,1073,1576,1625,1177,1683,1183
839,901,690,1091,1084,788,1062,757,1124,802,881,868,950,707,814,1253,1170,855,1130,805
69,72,98,77,97,66,85,100,66,80,64,40,115,67,67,96,64,91,70,48
123,108,135,130,144,125,134,145,89,122,107,71,173,106,108,141,112,141,104,105
320,193,165,179,173,94,128,102,144,143,111,119,148,120,114,132,167,133,158,169
218,208,135,216,195,173,213,133,194,149,163,166,177,117,147,240,214,163,211,168
4001,2200,1803,2002,1608,1156,1321,1391,1179,1222,1192,1099,1235,1134,1215,1208,1306,1507,1404,1720
1402,761,662,720,557,485,516,566,474,473,433,451,455,426,480,403,491,523,522,579
1064,708,572,692,477,400,482,463,438,387,470,391,451,393,360,405,473,517,549,598
3059,1906,1548,1393,1165,884,1058,1107,909,1121,1018,989,1045,822,772,1107,978,1078,1122,1574
227,155,117,120,143,101,71,79,52,77,77,59,86,75,63,86,60,67,90,132
964,562,449,477,309,280,311,317,252,304,296,236,252,243,228,265,286,302,280,380
913,556,477,597,421,344,406,372,292,337,301,346,374,328,299,372,402,405,470,593
2093,1294,1125,1154,863,676,767,949,703,757,805,675,833,648,595,810,780,905,969,1102
553,464,491,476,401,405,289,386,257,322,351,314,415,332,283,448,394,451,519,495
1964,1082,916,877,647,453,650,724,557,624,668,560,610,426,423,639,560,594,688,878
554,354,227,343,258,206,221,256,154,213,261,148,236,189,185,275,202,218,237,330
161,98,93,113,104,64,59,74,60,54,73,58,63,69,66,66,58,69,78,90
139,143,97,106,84,78,60,88,44,60,49,60,93,61,63,92,70,74,106,112
1236,867,629,765,522,495,495,564,369,443,443,411,578,463,401,552,435,508,606,736
225,134,106,138,106,89,88,99,81,95,105,83,100,88,73,106,95,90,128,131
155,113,95,121,100,70,63,76,63,74,64,89,84,78,58,86,77,83,81,122
90,103,81,99,66,58,48,62,60,63,41,61,67,47,68,52,85,121,64,96
3666,2126,1818,1929,1602,1207,1302,1403,1151,1221,1309,1133,1243,1079,1162,1331,1360,1416,1560,1610
2057,1209,1021,1105,919,801,789,754,750,771,670,690,737,621,787,760,821,838,899,1043
771,428,362,393,391,240,302,246,220,225,271,233,246,210,233,298,219,243,309,322
1526,765,701,755,688,402,503,451,379,407,493,380,405,373,370,446,412,467,571,558
896,495,381,405,393,272,280,257,208,246,272,190,258,224,202,272,234,226,287,342
825,479,389,367,313,252,268,256,224,224,248,250,233,190,226,238,256,274,289,295
520,242,239,234,240,152,169,132,132,148,159,137,154,124,151,156,158,164,185,179
508,241,206,223,230,130,163,126,122,114,145,100,135,93,136,137,130,150,179,144
702,483,409,421,363,232,277,279,236,274,313,324,246,249,228,295,222,255,275,278
428,200,172,218,146,120,138,126,92,89,105,75,118,90,94,92,96,122,96,137
345,196,171,172,138,108,122,119,97,114,103,102,114,82,89,120,105,109,122,164
342,212,197,168,139,105,123,127,103,106,101,122,116,84,83,115,103,114,118,176
30,37,27,46,43,34,49,30,41,25,42,40,36,28,32,61,60,35,48,41
1568,1239,993,1304,1074,808,902,890,875,854,848,829,1004,751,871,940,1086,1038,1105,1177
145,166,110,175,131,92,92,80,83,113,90,83,140,80,101,95,135,162,118,155
130,105,83,92,67,59,55,47,58,49,41,64,62,42,52,44,53,55,65,74
273,181,143,143,135,104,109,104,113,107,91,110,125,92,110,114,117,133,126,142
483,352,296,329,285,200,209,212,203,231,190,213,275,189,228,229,281,313,282,321
90,85,69,102,85,88,106,82,73,79,73,73,108,88,75,96,94,95,108,92
330,246,237,253,194,191,165,161,145,171,155,163,203,184,128,215,181,205,236,251
4897,3790,3417,3962,3264,2780,2753,2917,2745,2750,2917,2707,3254,2784,2670,3356,3413,3208,3676,3595
813,783,651,895,856,745,736,748,753,650,688,749,832,622,652,823,897,687,896,786
310,256,237,254,249,212,184,196,197,258,204,202,318,186,223,242,270,275,258,250
554,502,477,434,424,428,305,375,333,366,288,352,462,355,378,417,432,492,482,529
2061,1474,1405,1350,1189,1062,1073,1138,1005,1017,972,927,1046,973,1019,1133,1112,1250,1196,1412
2215,3116,2136,4075,3869,3797,4217,3363,4571,2813,4113,4102,3746,2911,2990,4770,5180,2793,4918,3248
167,344,188,431,463,423,556,402,541,310,490,518,392,254,352,578,638,281,538,347
248,328,283,375,386,387,402,416,414,302,440,440,370,271,345,441,495,265,477,350
192,339,253,396,456,500,503,545,354,373,563,565,432,243,363,425,526,230,421,449
170,199,175,197,240,253,227,297,139,195,255,278,255,118,187,183,248,163,204,289
185,328,232,413,418,347,516,341,566,291,468,433,328,275,327,578,622,284,540,289
292,343,264,450,442,389,452,380,570,340,475,461,467,393,335,506,583,311,608,367
201,227,195,261,252,234,219,212,288,191,224,241,263,222,183,269,316,197,342,223
615,794,558,988,1030,873,1033,846,1202,737,1030,1036,982,749,776,1167,1271,734,1265,805
74,65,58,112,94,85,79,87,103,78,89,100,121,96,77,97,126,80,131,102
38,57,48,76,63,58,61,57,80,54,50,71,53,47,55,83,91,52,71,59
243,429,245,558,593,498,645,446,785,396,608,604,555,445,420,743,832,359,790,404
1347,838,767,776,665,456,571,582,562,508,560,530,545,488,540,513,600,659,655,769
510,385,354,363,295,284,259,342,284,256,263,292,305,246,292,304,338,296,364,372
267,278,216,240,194,184,193,205,166,188,197,170,208,185,192,199,191,185,164,250
765,522,455,480,455,367,317,329,299,349,320,298,476,300,344,381,416,464,409,475
1560,1203,1121,1174,969,877,879,961,879,820,785,735,846,798,877,949,862,979,1071,1008
1355,1041,956,979,841,772,754,865,771,728,724,671,732,700,743,818,753,810,887,913
210,122,125,153,142,108,90,109,113,102,99,100,130,101,120,145,108,117,173,138
148,138,111,139,127,63,81,74,95,119,85,79,100,78,100,105,111,100,103,111
356,267,246,331,230,257,195,194,125,196,251,191,264,235,164,313,235,287,277,295
1126,700,599,606,579,541,527,554,532,502,478,517,572,466,494,528,568,599,561,596
446,334,359,443,278,353,275,289,190,282,322,287,328,322,225,435,317,376,442,350
562,618,507,765,709,651,702,633,692,586,656,670,712,548,568,813,851,599,839,665
789,844,647,1016,894,815,840,799,908,661,898,909,904,684,690,1055,1093,696,998,792
92,83,82,107,83,81,75,85,61,71,87,79,105,71,83,126,96,85,98,114
12,13,32,21,18,32,13,32,14,18,44,14,17,16,12,22,24,13,14,19
53,45,41,57,33,53,29,41,33,43,62,32,48,39,34,37,44,40,43,41
1869,1275,1075,1298,1121,875,905,891,892,866,891,804,970,875,846,952,1026,1103,1112,1137
299,209,159,193,145,102,113,126,114,121,101,97,107,108,125,118,136,132,158,167
2880,1736,1516,1677,1392,976,1149,1147,1046,1062,1072,1019,1144,938,945,1122,1163,1159,1259,1464
473,304,286,273,219,169,173,169,142,173,167,186,183,144,140,181,150,173,180,245
306,179,156,156,133,101,105,102,96,103,107,99,106,91,92,81,122,125,108,136
756,446,370,337,259,221,295,277,220,238,246,222,258,216,203,247,259,302,296,396
763,412,346,356,288,220,264,251,229,224,249,228,242,203,221,218,222,252,268,260
200,139,135,155,120,91,104,102,94,82,93,67,124,105,74,110,107,90,100,137
423,250,198,202,164,131,172,138,136,146,145,137,155,134,124,160,145,131,180,172
122,105,108,130,95,86,93,87,78,72,78,58,107,84,83,98,87,117,104,119
1103,806,710,830,732,525,587,628,566,542,566,617,678,551,541,665,701,745,768,763
476,398,337,419,332,287,283,330,265,278,302,300,321,271,279,307,344,325,342,401
1366,1098,979,969,874,827,697,814,732,753,725,756,982,713,736,924,866,1087,1033,1073
147,116,130,164,124,128,111,128,87,115,101,117,131,79,132,154,159,125,148,153
332,266,280,306,263,229,225,262,216,188,230,215,272,215,224,237,294,273,311,326
1081,731,695,808,644,528,569,603,511,544,547,529,634,516,505,602,691,652,707,751
79,65,60,64,63,41,50,48,49,49,54,48,74,54,35,73,78,65,70,91
257,169,182,154,150,99,135,109,125,115,109,108,133,100,132,122,154,180,155,202
177,114,132,144,116,80,93,90,74,79,85,71,104,86,85,94,94,123,90,109
1216,847,784,887,731,557,592,638,586,611,587,562,730,583,598,659,736,748,773,864
336,211,176,237,232,155,179,173,136,158,147,144,168,156,177,175,195,175,220,237
398,260,258,266,210,174,190,201,166,193,185,166,186,200,177,210,193,270,228,248
209,176,162,182,131,120,102,137,92,108,116,119,141,120,126,141,152,156,138,193
410,333,278,331,335,266,300,289,255,263,287,299,311,226,242,268,348,234,325,362
281,176,142,143,123,102,132,121,101,130,113,115,125,104,106,115,132,141,127,166
1886,1266,1059,1155,912,769,833,809,759,759,769,733,871,737,703,853,953,893,1038,1153
597,329,282,304,223,199,218,199,195,202,178,189,173,169,165,204,208,207,211,250
627,406,363,373,308,245,282,302,263,263,270,250,294,229,225,291,310,264,342,353
170,128,102,126,122,89,88,88,92,102,128,104,123,95,88,104,117,96,131,126
78,57,31,59,51,57,59,52,51,41,67,65,54,39,38,50,65,39,57,80
220,154,144,149,114,112,117,135,94,110,137,115,120,83,78,110,100,103,134,166
421,256,242,257,209,135,199,172,140,172,190,156,196,179,157,190,239,215,230,254
1612,1114,945,1013,928,684,703,849,706,788,771,651,813,697,626,693,735,824,868,945
423,349,257,325,205,205,220,244,230,196,240,195,279,193,202,211,229,249,264,258
56,52,55,70,46,66,45,73,65,59,57,67,71,61,50,50,62,61,72,45
511,392,324,382,314,256,252,281,224,261,262,252,309,214,237,268,298,296,313,361
25,42,35,155,43,150,58,48,64,48,63,45,43,43,42,55,61,37,47,31
796,608,500,566,458,407,429,451,409,358,446,431,456,358,384,450,480,434,513,567
703,531,443,486,443,383,391,409,392,367,419,409,416,333,361,410,405,415,430,498
267,201,204,291,228,215,168,199,205,191,214,200,230,200,190,224,247,195,262,251
205,144,146,172,143,117,95,135,101,116,117,104,150,122,115,142,163,106,161,175
1188,784,600,607,523,378,436,482,425,442,438,413,445,413,432,452,519,519,582,680
393,349,280,422,332,307,360,328,364,267,386,350,352,295,316,374,400,276,406,370
108,82,76,101,74,75,68,82,67,71,74,72,80,62,60,91,102,85,85,87
81,135,86,160,195,155,190,147,216,134,197,189,167,122,131,216,233,127,228,127
192,151,125,181,169,152,165,156,172,123,148,159,160,135,133,166,198,128,175,144
75,72,88,75,89,65,56,88,64,58,71,58,73,62,86,90,78,83,75,94
205,119,103,141,81,52,104,55,58,49,70,64,66,45,49,61,72,67,97,101
186,133,96,136,97,75,101,93,81,91,108,76,106,109,80,91,86,79,105,147
825,518,389,480,393,311,343,311,297,309,317,290,313,289,297,321,331,341,382,376
2334,1448,977,1375,903,700,860,786,756,796,759,721,792,653,638,799,842,821,907,926
40,27,22,35,26,24,15,24,13,10,16,16,32,15,16,32,19,23,32,33
159,120,96,104,99,82,122,85,132,80,155,89,153,79,82,93,127,91,75,168
367,296,252,301,260,234,240,255,237,215,260,224,278,229,240,233,240,255,294,343
310,265,216,284,240,210,269,239,266,207,264,242,269,227,177,239,289,190,291,277
131,100,86,107,113,84,87,85,87,73,78,63,72,78,68,109,80,63,124,108
167,125,92,115,79,94,74,84,64,73,78,97,80,58,83,68,86,73,102,96
3956,2332,2077,2231,1835,1456,1647,1597,1446,1515,1490,1363,1636,1365,1491,1612,1773,1693,1855,1853
4879,3152,2721,2992,2372,2039,2158,2258,1942,2075,2133,2064,2269,1835,1939,2162,2422,2196,2593,2654
4782,3015,2560,2782,2299,1827,2111,1981,1918,1949,1939,1896,1983,1741,1823,2023,2252,2156,2432,2601
1008,677,610,658,493,457,487,516,389,494,466,439,556,473,402,526,487,560,635,841
163,125,112,137,119,114,112,125,118,101,112,118,130,93,99,117,129,87,139,124
247,194,173,170,182,155,125,152,98,120,149,139,144,129,115,132,139,133,203,211
330,338,260,338,293,250,269,288,252,226,294,263,290,244,255,294,291,263,313,309
1018,746,682,775,609,582,501,536,464,528,573,509,652,524,464,651,600,674,727,704
200,133,134,154,131,140,85,115,76,117,109,96,125,104,111,153,123,132,139,162
3592,1953,1641,1401,1070,791,950,870,851,950,938,660,658,663,823,684,700,925,1032,804
388,328,281,349,327,255,255,292,269,248,307,275,309,248,285,302,356,259,310,340
2257,1317,1038,921,680,600,673,557,548,740,593,520,660,534,519,570,547,579,680,592
213,192,168,219,133,142,128,134,104,131,118,133,152,129,153,114,175,182,152,200
591,414,378,425,356,274,285,330,232,277,252,259,320,245,274,272,324,321,338,423
343,238,208,253,213,145,146,179,155,161,118,156,185,159,151,199,191,186,206,189
701,388,329,383,353,218,242,269,299,240,231,248,255,261,263,214,278,316,272,342
380,240,188,231,160,116,175,145,140,124,139,150,174,126,108,159,148,165,176,227
153,94,81,109,65,66,68,64,58,52,57,59,69,54,40,53,71,72,80,100
59,45,33,55,33,29,39,31,28,25,22,23,36,21,28,25,28,25,44,48
176,130,91,146,60,86,75,98,64,67,82,72,75,72,57,84,99,90,91,116
4,9,10,21,13,11,9,9,6,8,8,2,7,6,5,9,6,7,12,19
892,572,510,504,371,355,320,376,298,364,313,322,365,328,332,360,338,366,393,503
324,213,158,211,148,123,134,144,107,89,133,110,143,114,103,120,121,128,140,163
689,427,319,334,297,214,278,234,266,200,249,245,220,200,225,272,298,242,338,318
1095,677,557,584,485,363,487,480,392,456,453,408,421,348,296,462,422,400,507,647
666,459,370,369,321,276,286,302,238,296,261,293,295,225,220,289,296,309,310,423
643,319,226,258,218,141,196,163,133,141,153,132,148,125,139,128,160,153,167,193
162,112,81,99,80,64,77,80,65,75,75,81,66,61,61,76,94,74,99,93
94,64,58,89,74,48,43,67,51,53,48,52,48,60,55,52,53,53,61,60
495,353,312,367,315,260,292,249,262,240,258,235,283,235,243,271,329,255,342,337
678,445,381,416,362,278,286,316,297,272,278,292,318,268,277,328,324,343,355,413
1157,786,679,750,595,399,556,499,496,487,472,417,507,429,483,514,520,586,597,580
240,209,174,203,176,131,140,144,141,115,148,163,156,120,127,161,158,171,180,177
639,371,340,323,293,218,233,263,252,242,240,222,232,209,234,228,295,285,282,279
793,605,398,443,419,289,369,315,300,293,358,324,349,318,279,364,375,354,393,423
272,167,136,202,151,115,124,120,125,128,131,121,163,137,108,144,166,152,208,201
775,531,488,531,407,371,391,418,328,382,391,349,408,358,319,372,386,407,470,536
236,183,154,171,197,175,152,179,128,170,178,164,201,133,167,147,166,155,184,258
393,291,291,274,262,227,177,218,181,202,188,176,201,191,198,204,215,245,269,272
610,455,383,407,361,309,321,322,293,317,283,287,339,322,324,358,356,408,371,418
284,227,240,233,244,196,201,173,163,179,197,171,175,216,167,185,193,244,241,263
53,52,59,69,47,42,45,47,41,34,48,35,66,40,34,57,49,52,43,50
166,80,86,72,74,53,66,42,52,65,72,50,63,50,48,55,57,67,65,77
192,145,107,102,108,104,93,108,88,90,97,73,90,72,82,105,92,108,104,138
247,198,153,210,167,169,107,131,99,160,129,121,169,124,123,181,169,172,154,179
651,481,441,426,310,267,264,334,253,303,285,256,354,242,268,315,347,398,373,420
654,371,337,337,274,204,238,224,208,213,214,207,216,213,198,235,239,255,264,344
219,123,122,141,93,66,83,72,76,73,61,87,85,69,66,62,76,78,99,121
58,53,48,68,36,68,25,50,61,45,27,50,50,59,52,49,69,47,51,63
685,412,312,356,263,163,219,213,185,185,190,167,207,185,182,173,188,224,202,264
630,376,296,316,302,216,253,228,238,229,192,213,218,216,229,218,249,309,246,315
2779,1834,1576,1543,1379,918,1225,1197,945,1099,1354,1366,1065,918,865,1243,795,974,1028,1304
1410,910,809,797,704,615,640,684,658,565,646,619,642,618,590,578,755,689,704,763
841,1015,738,1165,1115,903,1134,952,1189,875,1020,1062,1087,862,845,1258,1391,782,1321,1029
1015,526,427,418,264,217,268,283,262,227,289,207,242,218,168,306,240,260,254,316
675,350,275,284,140,98,152,176,178,106,186,114,142,135,96,218,142,166,139,189
639,398,344,351,291,250,226,243,209,236,214,207,230,210,250,265,229,267,232,329
337,234,204,256,183,152,160,162,163,147,140,144,185,152,146,170,161,157,220,230
251,194,175,196,153,130,126,117,129,124,112,119,134,132,130,155,122,152,145,183
150,120,86,132,133,74,124,85,127,97,111,96,103,80,104,138,146,103,132,122
321,212,191,235,205,167,168,165,151,166,173,169,201,162,162,178,222,209,213,239
159,103,90,98,98,56,58,72,67,75,50,55,76,47,56,62,66,88,86,77
214,154,125,161,117,98,111,91,104,133,111,121,137,108,108,117,130,127,140,162
4201,2832,2395,2640,2064,1685,1786,1937,1622,1794,1707,1741,1947,1653,1738,1878,1966,2094,2171,2544
2049,1424,1171,1345,1119,897,979,991,928,899,916,890,1009,864,963,991,1029,1075,1152,1283
473,324,256,273,265,215,206,226,207,235,215,228,240,204,191,234,246,237,277,295
110,108,70,114,82,64,71,71,57,68,68,63,75,56,49,78,82,71,75,91
488,293,316,293,281,215,208,210,230,222,175,202,227,205,260,249,277,322,291,373
141,86,96,121,88,56,74,62,55,58,62,59,63,60,54,76,73,95,81,108
422,330,305,337,277,251,262,301,264,210,257,264,284,213,271,283,278,254,313,312
333,220,233,302,208,194,169,201,200,169,136,159,188,172,222,217,188,233,240,161
143,87,65,78,67,76,66,61,64,59,59,56,73,65,63,55,71,88,82,63
140,128,103,138,110,74,93,88,89,93,91,81,106,68,81,109,95,102,107,113
544,336,284,278,236,160,197,165,144,175,194,157,163,140,141,178,147,168,187,230
47,39,33,47,28,23,29,26,25,21,27,27,30,25,35,27,31,31,26,31
231,162,162,178,166,140,122,126,120,107,106,115,139,153,116,140,141,163,186,164
86,61,45,55,43,32,33,40,24,56,31,37,41,39,53,43,44,53,76,92
372,169,142,138,107,68,98,99,67,82,90,93,79,69,74,99,93,85,94,106
162,133,116,155,130,104,101,122,102,85,98,92,103,75,105,83,104,103,126,128
450,391,303,426,341,222,318,290,321,239,290,277,295,253,289,320,334,292,372,386
810,506,436,425,376,273,335,340,286,293,305,301,293,266,301,306,312,318,347,397
1023,698,640,651,523,422,436,473,406,433,477,421,501,397,419,496,518,540,569,590
360,284,285,309,242,187,200,233,192,211,179,217,260,199,210,238,244,285,273,283
185,140,117,161,123,117,133,126,120,137,133,94,127,104,88,112,135,139,161,151
183,90,86,110,84,63,70,74,64,66,70,78,87,66,59,67,78,74,86,92
73,93,72,111,83,91,70,85,72,74,90,56,97,75,69,95,87,76,99,88
212,200,176,184,171,161,136,144,145,156,136,127,204,186,162,198,193,169,212,220
333,224,235,195,137,137,131,158,122,97,128,133,145,124,130,139,150,144,153,178
403,372,320,399,326,304,284,326,288,316,297,293,390,266,323,358,372,346,396,390
540,332,276,288,233,189,195,194,180,190,198,169,185,173,147,183,219,206,237,244
390,246,242,271,194,174,156,172,159,172,152,134,197,163,169,184,182,202,210,226
2526,1861,1390,1711,1305,1227,1179,1370,860,1073,1141,937,1214,1039,961,1195,1021,1119,1316,1702
142,111,75,79,78,45,76,56,55,69,63,59,65,55,34,50,62,60,79,102
55,48,51,68,42,52,39,33,22,30,45,31,45,31,27,38,31,42,57,48
86,58,31,46,27,29,40,45,28,49,36,44,37,31,31,25,43,37,54,99
42,30,26,41,26,28,22,25,17,18,7,13,23,21,20,15,23,20,34,38
303,176,160,180,106,94,124,99,96,86,127,105,123,92,68,70,131,117,154,153
573,324,284,322,186,184,221,227,162,237,234,208,227,207,126,197,190,217,280,386
8207,4930,4231,4272,3516,2737,3140,3090,2692,2863,2873,2644,2948,2519,2633,2955,2885,3182,3474,3687
179,137,125,153,101,110,92,102,67,72,91,72,103,85,76,117,96,102,121,126
3004,2030,1658,1706,1474,1257,1265,1398,1229,1195,1201,1130,1199,1064,1224,1326,1293,1438,1479,1712
2715,1395,1121,891,685,533,644,564,518,750,638,492,473,352,493,433,420,550,626,511
78,85,67,85,55,64,47,76,32,76,52,55,101,60,56,49,55,65,88,90
20,52,31,33,66,71,83,21,108,45,79,8,119,66,48,63,48,45,39,41
1278,881,738,739,583,510,527,632,395,530,486,489,573,476,435,532,498,528,649,788
1558,1089,969,956,894,817,770,829,705,719,723,641,741,633,686,769,697,767,845,959
1350,917,736,856,662,649,604,536,450,539,513,492,622,474,460,609,447,509,554,752
294,198,182,207,174,135,134,146,130,135,130,114,147,110,146,168,159,168,179,183
1152,691,614,685,469,470,455,487,366,512,498,444,464,388,366,471,431,446,569,772
16,71,60,43,46,192,67,70,42,67,36,123,175,63,56,32,98,130,122,75
669,459,412,449,307,320,237,318,254,299,245,302,322,274,263,294,313,325,378,350
278,147,138,230,121,147,112,130,98,114,100,93,154,100,95,122,165,138,149,143
41,64,41,61,44,35,30,35,27,31,27,34,34,32,33,27,37,66,35,59
289,245,202,259,203,180,197,205,179,184,191,189,210,175,201,204,220,191,232,215
1092,841,703,866,681,619,535,562,512,533,581,527,674,580,567,708,683,708,789,802
171,143,108,154,112,95,92,98,97,73,93,87,99,94,75,98,101,124,132,154
458,354,282,357,323,201,265,244,278,233,232,236,278,216,244,296,336,295,331,344
6600,3971,3393,3767,2755,2529,2805,2685,2335,2318,2435,2103,2411,2167,2340,2610,2553,2769,2960,3063
1028,632,538,534,448,321,403,411,367,390,332,335,375,342,311,361,357,419,403,568
693,482,418,371,323,220,339,343,277,283,273,262,264,256,304,257,317,375,364,406
6197,3742,3202,3281,2512,2109,2386,2417,2213,2046,2237,2026,2252,2008,2065,2417,2342,2445,2597,2988
130,106,99,125,79,107,54,88,62,88,71,82,115,103,58,123,101,92,127,92
1173,750,565,566,502,365,412,440,409,351,349,390,387,332,386,395,434,438,466,552
194,122,147,118,112,74,100,80,78,95,73,79,84,78,100,110,102,133,104,143
127,102,81,82,88,70,89,57,106,71,90,41,110,67,53,74,76,73,55,76
1074,576,546,606,392,302,392,342,275,367,329,327,317,302,290,323,325,363,423,426
93,89,86,107,84,65,59,99,42,79,60,58,109,61,69,64,75,84,118,95
141,156,100,135,107,98,102,122,54,109,117,95,121,104,87,87,96,106,108,113
2459,1498,1370,1379,1154,893,908,1056,916,942,934,945,994,865,932,1077,982,1082,1053,1312
1470,895,770,766,646,489,526,575,523,516,527,554,569,474,527,638,530,611,613,750
1374,1076,909,965,774,641,630,710,578,800,687,612,906,695,695,819,794,842,899,861
9,37,40,30,21,54,33,21,39,25,39,40,60,33,38,15,43,64,73,23
149,129,95,138,77,75,88,79,87,59,75,69,66,63,99,64,90,91,94,89
12,7,8,21,7,15,5,16,3,7,5,8,8,3,10,15,17,10,6,16
304,203,182,166,154,126,122,105,105,112,97,117,128,92,89,104,107,134,126,168
31,34,24,43,23,27,21,26,20,20,20,26,26,21,26,29,29,17,24,34
1394,979,892,824,805,750,724,759,666,657,690,591,671,593,634,709,635,712,750,866
788,563,477,493,411,318,425,433,355,379,390,334,425,411,394,351,437,468,539,647
3585,2696,2349,2401,2278,1827,1910,1926,1972,1962,1758,1820,1998,1697,1881,2075,2132,2141,2272,2334
51,47,44,58,43,39,39,51,32,29,58,33,44,30,27,44,51,40,30,42
296,278,255,323,288,275,308,280,319,236,317,313,317,253,255,340,391,238,373,266
77,63,63,59,40,58,44,47,64,39,53,40,75,46,46,44,50,49,48,48
33,29,44,41,37,41,33,40,22,25,28,39,43,29,40,39,51,48,43,49
399,442,364,529,545,419,523,405,624,367,501,524,525,388,384,640,685,428,610,454
55,53,52,72,45,22,30,30,25,31,25,21,34,29,35,26,45,47,51,42
434,252,157,171,110,112,130,95,85,80,100,89,105,93,75,91,91,106,120,107
848,510,424,458,324,221,352,284,246,283,263,221,289,228,234,244,281,323,365,424
110,104,70,97,71,58,58,83,53,51,70,62,72,67,49,67,54,86,47,81
1325,956,806,943,755,714,667,781,536,645,651,573,864,669,560,684,536,683,834,1033
126,99,74,92,98,76,95,101,82,73,99,93,86,59,78,93,104,60,92,93
189,122,112,135,105,81,98,93,93,76,115,88,116,85,61,84,89,65,92,106
2196,1323,1144,1074,907,811,888,888,775,751,845,679,762,684,772,794,780,838,852,960
450,283,221,252,203,139,152,170,161,136,150,140,187,125,169,185,195,180,194,218
284,209,187,206,186,147,193,151,156,165,174,171,164,127,144,188,194,175,195,176
780,555,475,479,364,337,371,402,280,364,385,373,428,322,309,397,361,401,432,507
591,398,350,390,288,222,279,272,236,279,285,272,259,205,263,272,280,314,320,397
288,161,145,153,130,72,97,80,91,90,104,79,111,84,92,95,110,131,107,148
264,149,129,156,141,98,120,119,94,103,107,105,103,88,114,108,140,123,141,177
777,513,411,459,356,240,308,321,262,306,327,313,298,264,293,325,318,326,333,388
124,96,74,126,100,58,64,70,56,63,78,61,71,64,67,78,82,83,109,87
96,65,70,60,58,48,47,65,51,43,63,58,73,33,53,56,71,66,77,73
99,69,69,95,67,49,57,61,47,50,53,46,63,56,52,55,84,86,73,67
129,121,80,129,117,64,96,83,87,84,79,72,87,93,80,65,127,135,127,143
398,245,160,267,153,172,181,155,130,135,152,141,186,113,102,148,168,155,189,224
368,218,256,224,139,184,157,147,139,131,147,124,208,164,116,161,159,144,190,204
565,386,344,354,279,223,263,260,212,309,256,250,261,225,224,294,253,316,280,367
301,221,179,193,149,119,126,128,128,111,129,119,143,117,123,150,133,135,177,169
217,198,176,184,195,159,124,135,141,126,151,129,174,155,131,197,166,188,208,175
800,631,599,662,553,501,419,522,387,443,482,422,569,492,414,597,556,633,644,611
140,128,106,137,117,88,63,90,62,89,85,85,122,93,66,124,104,125,158,112
534,349,415,273,319,184,189,266,237,194,256,240,265,245,254,241,176,228,302,296
155,138,139,159,132,110,137,117,121,114,123,120,135,123,106,127,140,146,152,140
392,235,203,229,195,140,169,152,140,152,161,150,176,130,163,158,201,209,218,201
210,212,168,154,181,149,103,175,115,103,113,116,182,125,134,157,137,181,215,218
72,46,51,67,40,46,24,37,44,49,52,32,59,45,41,56,47,57,51,48
539,363,297,338,278,202,273,249,239,194,247,238,229,216,245,238,242,270,261,328
141,107,84,129,81,107,97,82,72,69,69,69,83,92,59,78,74,85,111,123
2973,1988,1717,1900,1549,1257,1344,1375,1186,1321,1328,1249,1462,1186,1265,1416,1493,1680,1702,1710
454,301,269,297,267,186,221,193,203,205,204,187,226,171,193,248,234,270,259,270
211,172,123,161,118,107,110,137,95,93,84,96,120,93,116,122,109,116,155,156
850,702,643,780,656,652,554,625,668,650,650,617,751,625,631,713,766,705,790,714
288,190,168,189,132,99,132,146,116,100,121,102,100,104,112,112,126,152,160,205
215,153,124,133,104,90,93,104,106,86,84,79,111,98,89,97,110,124,118,136
903,549,513,501,442,347,383,415,346,379,379,396,385,320,358,336,436,451,466,578
854,532,428,424,369,239,268,274,291,273,254,258,308,280,322,277,329,344,378,392
993,761,586,692,611,424,534,511,530,430,452,454,593,423,557,459,616,591,559,669
84,103,107,107,94,84,87,84,81,72,64,63,100,63,92,66,102,107,88,92
26,24,46,26,27,22,74,43,51,42,70,32,48,13,49,37,75,45,34,52
285,216,176,231,185,146,124,141,151,137,138,141,152,134,164,146,187,200,207,258
151,144,133,149,115,99,85,94,98,111,80,92,165,122,113,119,121,127,127,134
445,253,207,270,200,128,139,159,132,168,155,163,176,136,133,161,188,217,183,219
160,114,75,89,95,84,87,92,62,67,91,69,87,55,63,78,79,77,69,104
103,82,88,89,92,78,57,67,41,53,55,64,94,60,64,69,58,79,89,93
1131,738,652,691,519,431,452,471,419,438,391,392,469,407,387,478,450,495,568,579
1773,1113,1014,1001,839,671,799,723,675,688,672,681,720,678,659,749,759,874,885,1002
203,142,151,157,146,99,83,136,109,117,78,106,119,117,105,115,121,143,154,147
183,126,110,121,91,89,81,96,91,67,81,84,95,82,70,94,92,88,96,106
783,482,457,442,341,289,299,339,256,309,284,289,347,273,278,320,321,382,360,467
136,122,109,133,86,88,89,81,80,67,101,78,103,75,85,90,87,101,92,128
555,398,401,417,391,291,292,291,239,280,292,269,305,267,278,363,317,375,352,389
1373,1063,947,1088,972,782,796,752,770,781,779,768,895,712,752,917,979,928,1001,1033
474,311,343,355,274,229,248,241,243,240,254,221,274,250,223,299,302,301,310,322
870,553,491,496,378,315,376,358,347,307,340,339,377,320,279,332,362,334,427,455
166,152,160,185,184,154,201,178,141,165,157,116,190,140,131,188,173,184,170,166
108,44,51,58,45,45,34,34,27,26,27,18,36,15,27,31,33,30,44,43
157,112,148,167,136,109,109,118,87,79,91,96,123,99,103,126,116,114,129,169
496,324,343,393,279,263,274,279,239,209,255,221,250,246,244,294,290,316,275,329
465,283,259,238,215,157,200,191,175,200,178,167,186,166,153,179,202,227,192,248
1792,1268,1207,1128,1005,884,940,953,853,887,858,815,863,784,827,939,898,1001,1003,1158
270,179,166,163,142,105,107,88,103,96,107,92,95,99,110,121,131,142,143,166
254,165,158,161,157,119,113,126,108,83,115,98,123,108,122,141,140,168,151,182
404,242,218,192,147,96,157,128,97,134,122,101,109,91,111,122,157,168,141,173
783,510,431,451,362,233,324,349,241,329,282,278,326,314,316,279,364,420,401,511
415,275,220,270,209,164,185,193,158,199,181,170,202,205,198,168,206,245,222,305
55,36,73,71,50,69,46,60,30,45,40,52,57,40,63,87,63,41,44,62
66,53,36,46,65,25,45,35,40,33,32,32,35,33,28,19,61,61,50,49
177,262,156,342,355,287,406,231,470,242,335,349,301,216,260,499,475,272,450,262
66,146,62,173,182,124,252,124,271,110,182,182,124,86,134,291,262,127,224,116
390,314,290,324,281,270,223,252,222,240,236,219,267,217,216,289,277,291,366,307
450,303,259,262,203,154,191,181,153,182,169,160,172,167,157,160,198,214,219,255
184,122,133,148,128,92,90,113,75,107,83,104,96,95,85,94,138,122,145,139
261,177,176,166,116,114,120,137,110,99,117,120,137,128,131,132,156,161,141,177
124,71,67,77,81,43,58,58,50,46,51,54,73,66,47,65,78,91,71,87
186,124,103,138,114,82,72,94,92,92,83,85,101,94,100,91,107,113,126,135
591,440,353,435,387,299,368,339,351,288,355,322,364,271,352,370,398,365,414,422
395,288,202,223,206,165,174,177,182,159,187,159,182,156,181,188,172,191,183,237
478,294,250,241,208,162,193,185,180,183,175,171,184,160,145,180,180,181,238,259
191,108,124,107,86,59,90,61,63,78,71,81,77,81,67,74,91,105,85,118
79,100,76,99,87,57,93,70,78,74,77,87,79,70,73,74,92,73,84,102
325,192,164,174,140,125,115,134,98,128,121,111,141,100,88,104,126,135,148,159
389,201,224,243,139,123,145,131,98,123,105,92,96,94,112,88,96,127,135,124
164,108,66,88,57,44,62,55,72,52,67,51,84,68,62,59,76,97,81,90
394,233,279,253,161,198,173,165,157,151,160,145,217,186,132,184,181,180,222,226
581,350,322,295,275,212,250,244,223,203,239,215,246,189,207,223,283,248,282,312
340,211,205,214,192,135,146,137,112,151,156,148,173,125,123,157,119,162,149,171
296,208,203,228,188,109,154,146,106,117,148,169,149,137,137,168,131,134,160,185
2469,1206,1068,720,642,532,461,536,623,517,533,317,295,291,478,309,344,460,679,327
2009,1349,1185,1141,1022,910,939,959,866,779,842,732,813,743,819,858,840,869,945,976
726,397,347,331,251,251,354,257,249,238,271,236,261,159,241,369,287,295,256,253
856,644,566,659,516,461,485,510,417,471,491,479,490,396,448,496,527,515,569,619
79,52,45,45,51,22,31,34,31,29,36,27,30,31,29,32,44,40,43,34
455,429,392,405,399,381,292,297,304,386,313,315,448,333,324,425,356,436,416,379
382,184,156,158,117,91,87,93,92,74,85,60,87,60,85,68,94,104,97,104
570,348,303,297,239,169,203,199,185,203,183,197,194,158,181,215,201,223,213,281
1306,765,697,676,520,420,484,504,438,502,465,434,457,384,386,489,431,496,540,663
1105,683,627,655,545,437,464,504,447,403,426,414,462,414,434,491,479,502,558,614
256,307,237,341,173,213,202,221,189,242,182,210,219,161,270,211,231,360,239,259
354,295,297,333,255,256,230,210,222,232,239,210,285,211,201,294,286,273,298,299
481,408,357,400,400,343,305,365,277,301,331,325,355,268,317,382,359,380,400,405
380,220,171,183,111,100,118,95,77,83,99,97,92,87,86,93,106,110,126,128
1073,635,591,574,513,391,420,472,380,419,422,387,437,384,376,440,449,433,489,561
901,622,492,522,411,353,385,419,316,351,335,316,369,319,351,401,374,465,449,474
342,276,245,273,227,205,177,232,231,188,178,195,221,211,194,227,229,240,281,237
403,275,210,199,157,141,133,164,124,128,143,120,150,111,126,140,166,151,196,222
222,144,155,153,111,113,106,138,88,102,109,107,140,96,123,122,122,129,140,153
186,124,107,144,101,89,83,82,74,89,75,72,102,77,90,104,99,115,115,151
282,172,142,175,154,150,126,127,102,145,105,108,126,98,117,144,109,92,140,223
377,256,204,266,209,166,202,184,169,176,194,185,223,147,152,184,204,160,231,237
570,351,310,373,300,245,268,290,288,244,243,215,248,245,258,308,293,310,345,332
1065,651,579,563,500,380,415,441,388,427,391,394,423,384,392,463,408,498,496,556
1271,888,785,806,663,559,597,624,567,552,574,580,598,558,545,601,576,704,673,815
688,450,452,469,337,358,321,327,291,298,294,295,365,319,288,359,360,320,396,419
223,211,165,212,162,152,172,186,162,146,130,136,175,125,168,194,180,157,219,230
934,400,343,298,206,219,227,209,153,146,221,148,153,137,169,154,193,196,178,210
1181,656,570,542,402,330,415,413,336,335,383,305,344,322,329,346,391,460,430,520
333,173,123,164,105,90,117,98,85,90,95,86,87,81,59,68,100,100,109,158
143,88,112,110,93,62,90,67,64,74,50,52,83,67,68,81,91,113,95,110
955,646,572,656,577,443,494,497,519,458,446,477,531,428,453,504,584,536,592,616
191,151,109,137,108,94,98,126,65,96,94,97,119,92,94,96,82,94,107,99
508,320,259,282,221,154,186,185,184,191,182,163,205,178,163,203,215,220,235,247
2417,1510,1222,1205,971,746,887,873,815,827,831,845,835,717,739,929,801,943,924,1192
111,112,58,68,65,61,45,91,46,52,59,50,48,42,46,54,46,54,91,91
589,377,322,328,301,205,224,236,193,225,238,228,228,183,192,233,223,216,246,283
481,310,238,301,260,228,238,216,221,180,240,195,227,196,172,286,259,238,287,255
293,196,156,180,127,104,110,134,136,96,99,81,109,101,153,168,122,126,125,113
715,451,371,365,271,212,243,273,230,275,208,204,238,238,256,278,251,364,317,361
364,415,258,342,276,230,214,295,155,194,268,222,269,239,210,280,208,268,254,297
949,713,573,704,593,487,502,505,544,479,494,498,546,480,458,579,653,524,681,662
962,478,397,422,348,229,288,295,238,250,261,187,234,229,215,212,269,280,292,334
252,140,131,148,101,70,98,97,81,82,86,93,93,54,79,94,94,117,104,135
157,144,123,125,120,78,87,95,86,96,90,77,124,99,100,84,84,119,140,171
278,249,122,203,161,96,176,121,69,72,104,110,116,117,24,123,100,134,187,150
197,154,142,165,145,105,107,121,112,122,104,120,143,118,111,113,154,144,172,178
172,120,104,102,91,73,86,79,75,92,81,71,101,92,83,84,90,114,104,112
206,143,130,149,104,84,77,114,98,97,75,82,95,111,86,100,104,116,125,123
249,192,160,188,150,121,141,138,149,129,130,119,139,137,139,163,167,157,162,156
285,159,125,164,97,81,90,100,105,94,95,59,92,101,97,114,115,124,152,136
235,168,145,167,162,132,133,125,143,141,97,116,166,134,131,159,145,157,183,166
170,103,82,107,79,65,67,60,61,75,59,64,78,61,56,71,71,89,92,98
213,142,104,157,118,93,109,90,104,97,85,103,99,83,91,116,106,110,141,120
176,111,97,102,91,60,61,84,79,102,69,55,107,93,95,103,95,103,90,117
264,180,141,202,152,122,127,148,132,111,107,122,135,115,124,142,135,154,186,177
544,364,282,304,248,191,210,223,200,223,186,201,206,188,178,248,201,242,257,298
223,210,159,226,178,147,150,161,170,146,117,133,162,153,161,186,192,187,237,169
689,443,350,355,308,202,249,334,261,244,264,239,284,224,195,260,264,257,331,349
755,478,407,429,334,295,305,330,293,319,293,255,301,227,275,286,310,299,368,409
1202,783,719,723,563,476,502,536,441,532,465,462,563,506,491,526,526,578,625,712
412,317,230,251,260,214,197,235,222,227,207,245,267,226,202,220,277,226,300,306
499,357,303,314,251,232,245,276,182,202,220,237,235,200,205,232,216,238,268,295
1202,703,542,540,462,351,418,461,353,398,418,368,387,327,354,406,462,468,509,590
363,262,258,299,233,226,194,226,160,210,211,169,219,217,199,267,236,301,316,275
203,140,135,137,113,101,93,108,98,99,86,90,119,98,92,91,122,126,131,125
296,521,41,339,137,250,108,211,80,118,292,114,136,174,37,198,224,220,205,121
210,111,139,141,111,71,75,78,73,96,82,82,107,82,84,84,86,113,99,122
195,136,121,133,132,87,94,91,94,94,96,101,102,90,81,112,96,107,127,102
1136,919,792,873,716,649,606,728,579,631,593,616,658,561,576,690,689,695,723,838
444,291,297,396,304,210,228,263,247,222,175,197,235,216,266,323,282,312,336,284
67,49,49,52,45,62,37,64,31,42,46,41,62,42,43,54,53,50,51,72
738,448,375,417,291,242,296,320,210,311,328,281,315,271,188,278,259,304,383,504
432,274,229,268,220,163,161,193,158,177,175,160,206,166,159,161,200,180,235,215
86,59,60,70,70,37,40,39,41,52,42,43,67,26,49,40,63,67,42,73
2609,1499,1279,1134,1020,883,963,949,809,829,934,742,785,709,780,815,850,911,898,1001
836,395,389,341,329,174,248,182,154,186,224,147,167,180,155,218,199,202,284,275
635,377,351,329,318,207,245,226,256,229,203,243,238,228,235,245,272,271,298,361
121,77,61,70,79,46,39,42,44,48,37,35,65,36,57,42,63,61,54,72
617,364,364,364,251,237,202,270,211,196,209,210,240,209,237,239,228,241,264,341
984,669,673,740,492,501,498,564,416,513,592,510,585,467,379,549,542,542,655,802
436,313,292,276,203,208,205,208,164,185,170,177,237,180,173,213,210,215,247,289
221,202,143,161,124,123,108,126,87,84,102,132,162,141,109,121,124,149,202,180
164,184,125,152,132,117,88,110,83,112,85,95,122,93,113,111,132,169,118,181
237,165,148,164,118,100,122,111,112,93,107,86,104,94,82,113,112,105,109,125
257,224,188,200,191,180,120,162,101,116,122,145,184,136,138,147,136,153,232,247
201,147,125,124,88,98,85,107,87,87,78,78,94,81,84,91,109,119,118,142
410,304,244,271,228,196,170,212,174,175,186,162,202,176,189,205,221,237,233,249
711,414,361,388,299,215,264,266,235,248,264,230,251,220,221,218,251,278,304,354
1261,842,704,725,551,444,524,498,479,483,485,443,520,443,396,478,517,554,593,737
2555,1574,1319,1213,1006,800,905,913,790,966,890,915,893,697,728,932,892,922,992,1304
222,146,128,178,133,89,112,107,113,97,83,89,114,85,83,113,118,88,132,136
349,280,240,246,220,195,146,161,145,192,140,175,182,141,180,210,188,184,209,280
712,506,464,409,347,318,293,358,301,277,263,309,342,277,309,321,346,372,375,474
1717,1059,879,727,634,494,588,577,485,630,542,585,569,436,439,608,538,578,631,901
1656,925,784,796,630,501,580,582,535,535,527,518,485,477,528,533,560,676,595,721
148,172,161,180,99,154,101,135,97,108,171,144,147,108,138,181,152,154,156,154
700,464,392,433,353,248,338,332,292,263,284,281,324,279,284,308,343,326,381,399
577,367,306,340,273,224,244,227,218,230,245,220,251,230,240,232,286,312,283,343
268,175,178,227,138,201,139,150,92,146,239,124,168,290,138,223,146,294,211,213
140,137,133,203,165,164,151,158,197,150,166,165,206,180,130,195,213,151,241,142
305,242,201,214,193,177,169,188,205,140,204,184,180,162,146,197,226,171,228,191
170,93,97,106,77,50,71,66,49,61,78,68,69,48,60,66,73,85,84,98
162,113,104,95,79,62,80,75,67,65,88,80,88,71,90,84,98,95,109,135
273,241,255,293,267,255,188,238,238,215,245,251,279,218,248,300,283,231,296,280
197,188,163,220,173,151,152,157,132,151,184,164,167,127,152,164,202,161,160,216
62,49,61,67,49,59,47,53,24,62,54,45,58,41,35,47,67,53,50,77
628,393,316,339,293,222,235,262,196,236,225,186,264,184,219,222,271,272,272,345
239,170,172,146,140,104,114,133,113,106,120,113,120,77,106,136,132,129,146,123
428,307,239,274,251,195,176,210,165,194,201,219,187,193,206,217,232,214,240,312
328,264,177,256,155,166,134,159,136,175,133,122,217,142,154,160,195,164,201,219
2392,1631,1602,1734,1348,1154,1100,1197,1112,1229,1233,1104,1365,1178,1100,1426,1316,1421,1356,1697
97,94,86,71,59,66,34,55,44,71,58,56,56,63,58,75,66,99,98,129
1216,949,847,849,753,676,688,743,671,617,624,566,648,583,647,716,650,727,775,779
1060,634,550,548,459,353,398,404,370,417,372,367,392,327,339,371,434,450,461,510
890,595,501,500,365,296,375,342,273,345,340,301,377,277,291,311,360,417,410,474
62,31,49,69,38,37,20,43,40,38,49,32,45,25,32,53,35,39,37,48
242,263,214,282,153,213,219,252,131,221,173,122,250,192,197,191,183,157,129,166
122,104,118,138,119,108,86,119,82,103,106,103,137,93,95,90,119,89,131,121
176,128,118,110,119,78,100,95,89,71,91,84,99,79,78,90,111,96,106,142
334,188,177,192,173,104,155,134,127,134,138,158,128,139,139,145,156,177,172,208
365,247,225,234,196,166,178,147,191,171,147,148,186,155,159,185,193,191,214,216
284,189,149,162,144,99,116,101,104,89,88,88,117,89,107,79,122,123,112,133
388,372,247,320,218,267,202,223,200,248,185,169,365,317,253,297,278,252,307,283
203,198,179,163,168,138,111,137,100,134,116,114,156,116,132,135,128,186,156,169
14,8,9,29,11,11,8,11,11,6,9,4,12,10,4,9,9,7,22,16
11,10,10,22,7,10,9,10,10,3,9,4,11,8,4,10,6,7,18,13
389,203,161,165,208,187,140,149,89,131,125,99,144,96,97,136,96,100,131,201
1944,1252,1018,1056,887,745,774,853,734,653,756,596,693,619,689,721,716,799,780,917
695,427,398,400,300,296,313,301,239,249,266,257,331,231,211,257,265,289,323,394
674,489,438,385,353,321,266,309,246,305,299,287,354,238,310,326,358,366,379,414
1194,804,850,826,712,705,537,654,601,614,539,588,798,657,643,744,708,793,746,745
1651,1223,1137,1032,954,942,722,875,692,858,806,806,1097,898,775,957,867,1054,1098,1029
557,420,413,412,351,347,312,329,270,348,276,299,348,295,287,356,368,371,379,440
270,132,110,94,136,108,72,71,50,71,68,45,72,52,53,82,48,51,63,132
845,511,450,463,363,293,351,332,291,296,266,273,315,272,248,301,302,350,314,438
303,278,196,280,233,180,220,215,231,205,206,211,230,209,213,237,250,212,244,247
150,134,113,139,150,88,98,117,93,107,109,123,134,98,105,107,142,97,128,133
2275,1376,1147,980,836,661,792,785,640,816,736,772,738,589,547,782,684,776,822,1162
448,343,323,326,292,305,220,294,195,221,186,222,303,208,239,269,236,308,368,341
669,476,489,468,387,362,335,355,308,340,294,294,376,299,374,387,423,410,408,498
269,165,130,138,126,73,98,83,95,121,81,89,114,83,99,98,118,102,113,153
350,302,240,257,252,181,200,190,215,216,170,180,239,214,198,251,228,206,262,255
103,60,65,74,59,31,48,46,43,65,27,47,49,40,56,58,45,59,47,67
436,285,293,289,256,191,182,188,197,220,176,191,264,192,184,233,236,255,255,265
296,170,131,183,130,109,104,106,111,113,112,102,154,98,125,127,131,130,127,148
961,643,565,631,576,400,449,430,476,420,465,435,468,410,461,510,544,514,589,607
168,132,105,99,113,67,57,85,74,92,62,76,104,85,84,98,83,104,101,107
582,517,331,380,340,270,281,382,180,272,299,238,259,311,239,251,230,257,307,424
639,397,304,329,244,214,244,219,180,229,183,209,244,172,210,224,223,244,224,325
478,313,305,282,262,223,203,204,191,221,177,183,210,184,201,213,239,284,253,271
650,468,358,395,329,266,308,316,301,308,314,298,314,249,250,323,370,308,383,382
267,177,135,149,115,78,89,99,97,108,118,85,108,79,73,105,91,109,106,134
817,422,395,371,175,155,258,181,159,184,216,151,149,130,139,160,155,163,167,211
1799,1124,981,919,786,720,779,799,703,661,741,599,661,613,685,717,708,751,755,848
498,322,307,295,282,226,228,247,212,230,200,210,239,219,240,228,259,287,267,306
412,360,288,342,296,251,266,263,253,237,236,247,258,230,242,264,296,276,296,335
296,256,270,277,198,223,164,208,169,194,247,216,236,196,180,241,213,238,234,269
96,84,47,71,47,58,54,45,29,57,29,32,63,52,29,43,52,63,92,101
378,246,194,215,153,123,158,149,106,135,150,147,147,136,133,151,138,178,156,216
356,259,224,257,226,157,195,214,161,182,166,162,189,173,191,176,210,235,235,286
120,94,84,98,81,80,68,78,55,59,65,54,78,68,84,74,84,92,84,89
2061,1310,1122,1227,1002,800,855,870,873,816,837,818,893,764,801,794,969,977,993,1142
286,261,193,241,230,134,131,156,144,189,149,156,207,153,194,184,211,214,208,195
777,505,439,440,374,321,327,364,313,293,331,298,366,300,292,334,346,389,378,475
205,153,138,175,126,114,139,113,112,118,110,91,143,110,95,136,135,134,159,153
248,118,88,119,74,55,91,68,68,79,87,75,94,56,54,64,81,78,86,111
1077,842,621,776,577,483,570,567,526,498,536,553,557,489,496,583,614,599,664,772
307,205,173,220,191,179,195,182,132,154,149,164,168,132,156,170,187,162,205,225
430,315,287,324,253,269,249,277,209,230,248,232,270,245,231,244,256,273,332,362
42,38,42,65,57,22,48,38,41,38,33,25,52,39,42,31,61,62,66,58
338,286,273,252,226,186,226,242,196,185,213,189,213,171,206,191,222,276,256,299
9,49,33,33,61,60,79,26,113,41,79,6,115,58,55,60,47,53,27,40
339,273,242,313,280,213,194,239,220,226,183,177,287,212,247,282,260,253,281,226
178,111,132,136,72,79,95,78,84,74,86,57,112,72,51,55,89,104,106,116
1061,596,499,553,458,354,373,422,347,397,403,336,381,335,356,406,394,470,437,560
84,114,77,162,156,131,145,130,173,118,140,153,162,140,114,175,193,101,207,126
80,64,60,62,57,51,61,38,65,46,63,28,77,49,46,50,60,51,48,49
2340,1409,1204,1145,963,865,965,944,804,826,882,732,800,725,787,836,838,925,917,1028
769,376,305,331,257,180,233,219,247,220,193,204,189,198,230,201,247,276,241,290
2756,1394,1133,1014,810,403,762,388,493,774,619,460,517,353,402,399,381,460,592,623
1597,1013,925,1065,855,646,705,702,657,650,584,640,672,668,726,709,750,794,871,914
177,175,119,152,110,103,109,159,66,113,99,66,107,103,99,102,98,83,135,144
127,110,88,105,81,57,82,77,61,68,79,69,86,81,54,74,71,78,84,97
256,154,154,146,137,92,79,110,108,93,76,109,119,87,81,105,129,114,114,127
727,427,399,365,286,222,327,339,262,267,236,268,268,229,235,226,304,362,323,364
41,36,35,46,36,14,25,37,21,32,15,19,26,24,19,26,23,32,32,27
4563,2987,2610,2765,2369,1927,2056,2129,1921,1919,1996,1872,2059,1936,1890,2187,2109,2375,2390,2679
7269,4834,4242,4492,3625,2997,3322,3389,3010,3154,2997,2969,3301,2840,3002,3324,3408,3693,3827,4283
526,342,292,299,266,208,254,224,216,212,230,210,247,210,181,225,240,261,284,314
306,173,180,196,140,102,114,124,96,100,95,106,120,105,126,107,133,132,155,144
340,239,211,272,220,210,160,194,166,188,201,148,237,228,173,241,178,267,257,237
214,153,159,139,129,109,97,114,85,105,112,126,133,84,121,138,139,148,124,157
1391,1025,941,1137,946,748,762,814,765,706,663,616,721,745,737,900,820,902,1042,893
457,332,274,289,238,199,208,229,221,204,190,192,203,182,228,229,222,270,265,297
576,296,269,252,209,202,194,199,159,187,187,158,177,148,172,210,185,224,208,232
756,533,468,541,374,349,358,433,335,364,361,328,408,318,360,405,398,445,451,544
3079,1724,1503,1573,1080,943,1145,1088,974,917,1073,875,1002,850,868,1192,1037,1116,1150,1321
267,185,171,218,165,156,143,151,144,160,135,140,175,133,125,143,171,174,204,176
404,296,253,309,256,214,239,218,258,203,232,206,238,197,189,264,287,223,312,284
463,318,288,302,263,205,202,257,212,204,202,219,211,215,210,207,278,266,263,303
5843,3913,3301,3478,2635,2156,2586,2514,2096,2405,2354,2255,2547,2067,1897,2461,2408,2667,2924,3316
241,173,169,151,136,95,95,118,120,115,89,96,119,125,124,111,127,128,141,118
263,178,154,175,158,115,144,148,114,130,125,128,162,126,117,119,172,178,168,171
1012,644,468,466,398,317,364,382,330,325,339,369,309,281,332,320,368,389,369,474
367,240,220,213,192,165,155,174,148,169,151,165,195,133,174,172,161,169,216,223
477,327,276,298,244,184,237,226,193,206,222,201,230,217,249,204,249,294,293,391
516,462,388,401,361,308,258,312,291,290,238,284,378,298,281,330,373,339,371,400
210,156,139,174,130,122,111,116,110,124,108,84,133,93,111,132,146,133,150,138
219,155,170,185,163,174,156,121,119,123,118,129,150,152,118,146,147,159,202,161
122,81,62,79,73,71,49,56,40,48,60,48,60,72,52,80,68,86,66,76
932,704,591,699,568,488,518,581,488,512,488,491,618,467,461,555,636,602,671,684
1271,843,644,683,588,462,533,562,498,457,500,494,472,438,518,515,542,644,572,698
251,209,180,266,196,161,206,185,194,178,193,147,187,152,155,200,223,150,239,252
153,112,85,111,79,72,83,79,62,71,74,67,94,76,69,90,79,71,85,76
437,243,199,170,136,86,112,107,91,116,118,65,79,87,104,106,85,112,124,94
2986,1980,1746,1721,1425,1166,1312,1321,1176,1288,1192,1123,1193,1084,1134,1232,1175,1322,1390,1601
235,201,176,210,174,145,147,133,166,146,125,138,160,131,134,182,192,154,186,213
321,225,221,242,183,165,143,177,151,181,156,148,189,174,170,197,184,225,236,231
1492,1045,847,915,759,642,635,698,591,671,655,609,703,599,574,690,778,749,799,974
699,451,403,413,368,266,258,294,291,289,263,306,311,294,261,320,365,364,355,397
321,243,219,264,205,160,175,172,186,212,164,171,219,179,206,217,222,218,231,272
260,183,185,192,172,146,125,132,128,140,141,148,162,133,127,173,164,178,165,185
1975,1402,1163,1325,1070,958,962,925,862,858,1090,880,1061,1088,851,1197,1078,1230,1309,1370
256,230,161,234,196,196,179,165,172,175,182,161,232,147,170,234,213,215,217,192
99,81,82,101,77,49,66,67,67,50,62,60,82,41,76,47,84,83,85,83
586,401,345,349,342,243,299,298,260,238,265,263,287,265,266,279,312,327,336,378
213,174,146,191,139,146,106,133,116,98,128,140,156,106,128,143,156,148,175,161
610,339,344,331,208,191,245,200,167,159,218,177,224,143,164,238,234,179,238,239
5316,3103,2543,2696,1923,1622,2106,1919,1726,1618,1896,1693,1812,1511,1515,2083,1896,1911,2050,2296
740,375,268,267,181,180,231,175,173,189,166,123,112,124,132,116,124,125,171,181
446,264,200,229,205,126,145,153,136,169,154,113,221,132,137,159,158,170,196,184
599,345,285,283,219,145,220,221,185,202,153,170,192,181,146,191,184,235,224,305
166,75,60,83,64,45,53,55,60,45,31,31,31,38,34,57,67,65,76,67
2396,1764,1471,1589,1379,1197,1282,1391,1164,1186,1184,1107,1237,1065,1160,1235,1240,1296,1366,1504
27,45,21,27,24,19,14,23,17,20,15,17,19,12,23,14,23,53,17,42
236,154,121,151,118,107,114,113,115,90,103,85,98,90,94,110,117,110,122,128
140,93,71,78,80,61,64,59,54,56,69,59,67,55,47,51,56,45,48,66
135,101,75,105,86,71,68,63,43,56,65,58,68,68,48,76,49,67,82,103
724,390,371,386,272,197,273,231,227,220,255,201,219,210,202,236,208,239,292,262
300,204,188,214,145,97,127,117,139,104,125,116,93,124,123,133,135,125,131,119
2052,1372,1242,1450,1144,862,923,1038,891,938,867,767,1049,896,927,1070,1014,1172,1165,1132
153,108,100,116,76,64,60,80,54,76,62,59,81,59,81,72,89,105,74,95
225,175,176,181,164,100,132,121,107,111,100,118,105,101,128,124,148,152,141,246
639,444,367,365,321,262,227,282,232,244,282,247,277,227,240,260,272,292,301,356
485,298,288,253,224,143,167,196,170,137,200,162,197,172,179,179,155,199,226,249
905,455,362,279,220,172,186,165,193,210,183,113,109,116,170,107,126,168,215,128
47,36,30,53,12,31,36,34,20,45,34,5,53,24,11,24,18,28,31,36
57,77,27,59,40,45,25,49,28,25,35,29,49,38,37,40,47,40,49,57
570,446,362,421,340,253,277,290,271,318,262,276,315,245,250,338,329,331,354,404
535,350,276,310,254,171,198,218,185,217,173,196,215,209,184,196,205,255,253,277
208,141,112,114,87,73,92,91,75,96,93,78,86,70,75,72,89,114,79,89
173,174,140,171,149,162,137,172,111,129,132,149,162,112,129,165,154,145,172,160
574,362,295,365,229,180,272,226,209,187,223,191,271,182,173,187,231,250,282,342
1241,861,779,852,663,578,629,604,556,559,610,607,647,514,495,611,646,681,721,760
150,126,94,83,77,58,64,91,57,62,78,62,88,64,52,58,69,62,73,90
383,245,222,245,174,135,176,134,123,142,138,132,189,152,132,118,170,153,195,206
351,240,211,242,167,161,175,154,153,133,133,127,152,147,160,144,159,180,155,191
321,219,203,198,175,138,148,148,146,137,150,132,157,115,139,147,189,171,180,179
666,427,352,384,315,251,278,283,248,317,264,277,269,254,220,289,311,327,311,403
298,201,186,194,194,129,136,155,145,135,112,144,131,135,164,158,182,187,183,233
239,158,168,172,162,119,108,134,110,106,105,104,136,136,122,129,157,141,200,215
730,434,400,379,341,260,271,278,248,319,277,273,296,286,235,302,299,323,326,419
1319,748,596,555,448,400,433,464,388,463,396,379,372,351,365,403,409,462,506,572
102,70,66,69,78,40,54,47,79,47,55,56,56,52,56,75,84,78,89,76
131,98,68,109,86,70,74,62,65,63,60,66,63,82,57,75,80,83,86,98
186,146,110,130,117,82,122,111,88,103,98,105,96,85,97,124,85,99,128,137
647,437,345,406,337,240,336,295,275,276,296,287,273,242,288,269,286,301,340,385
415,280,246,287,253,176,219,227,190,178,199,188,191,192,198,225,243,251,295,283
259,168,178,202,167,103,128,128,126,113,103,111,129,112,148,139,159,172,148,188
218,165,166,213,161,135,134,117,113,118,127,106,137,137,120,138,150,161,170,211
68,63,58,77,73,71,77,56,75,64,61,64,67,70,65,74,77,73,86,59
113,97,98,99,101,64,74,87,76,78,66,80,73,81,80,90,114,92,99,109
1461,849,867,877,583,467,545,534,488,518,485,489,521,473,469,489,494,567,589,646
1056,684,570,598,485,417,457,496,382,393,427,382,386,346,409,458,437,481,486,575
431,270,225,235,203,145,177,185,174,161,150,158,157,125,173,156,174,185,199,224
462,271,213,197,172,126,169,140,128,139,133,132,144,116,125,119,122,157,171,146
669,425,348,347,270,210,218,268,196,230,194,209,214,204,238,218,222,280,251,300
729,438,378,337,306,260,224,264,221,244,206,240,238,214,207,257,256,289,278,323
137,132,121,132,130,121,112,116,119,105,91,94,126,97,102,154,131,140,156,126
287,209,211,223,186,150,133,157,138,130,119,131,149,118,150,174,164,205,214,230
511,326,288,296,247,155,177,204,203,212,173,188,219,211,204,196,225,295,265,288
182,143,101,154,120,81,89,106,115,88,88,93,111,106,108,119,140,135,131,153
683,531,410,614,520,409,447,391,448,425,414,403,477,388,441,510,552,471,547,513
410,253,205,235,184,147,169,154,116,152,170,149,159,154,140,172,165,177,176,201
91,113,71,141,132,112,141,106,159,94,142,132,138,101,108,144,171,87,170,114
239,181,161,227,210,169,182,179,173,168,163,149,193,139,157,211,217,195,209,211
220,146,151,157,132,99,121,111,98,121,95,98,93,106,110,109,130,118,143,152
553,325,293,286,259,176,210,212,187,199,175,177,172,149,194,175,204,231,226,208
227,199,210,194,166,153,139,171,135,129,146,123,158,115,135,160,163,169,180,201
1090,641,477,410,386,292,322,338,305,310,319,258,282,279,260,305,279,324,349,368
1512,708,576,520,392,279,373,330,298,424,359,304,320,298,282,241,306,327,365,434
139,111,99,116,112,95,96,94,85,101,91,67,106,85,84,107,106,87,113,123
336,197,149,170,132,105,118,137,110,120,117,113,113,109,100,138,126,116,142,142
379,279,252,297,261,213,210,217,205,230,225,210,277,196,235,248,272,258,311,286
132,110,107,128,87,77,82,107,94,100,76,88,99,86,80,97,102,99,136,128
156,126,94,122,97,79,92,102,91,75,79,82,93,67,88,97,77,113,100,98
73,73,62,60,46,58,44,48,46,43,48,38,57,37,40,37,64,45,43,59
5457,3472,2875,3036,2690,2083,2327,2434,2104,2259,2133,2079,2243,2034,2254,2183,2446,2848,2707,3095
6484,4096,3594,3752,3220,2351,2784,2843,2458,2596,2433,2490,2716,2535,2634,2623,3045,3298,3322,3849
239,239,210,264,242,218,166,219,224,184,193,213,283,221,182,217,254,200,335,259
118,88,89,96,111,69,67,63,47,54,75,58,93,58,58,61,60,80,81,89
342,217,216,195,189,136,128,149,125,139,101,122,128,116,156,141,177,185,180,196
617,412,346,399,316,245,295,307,272,273,305,262,316,255,273,304,301,317,311,382
12183,7846,6689,7040,6033,4446,5288,5190,4854,4972,4814,4632,4986,4692,4853,4929,5547,6030,6089,6826
273,158,135,149,112,70,100,72,69,94,86,74,66,58,64,84,82,73,95,106
1428,855,708,642,523,455,481,478,417,507,491,477,505,392,336,484,425,472,518,723
296,226,177,210,177,146,144,168,129,154,137,145,169,163,140,165,161,171,192,236
179,142,105,121,119,84,109,116,101,109,89,89,111,102,106,107,105,126,141,158
463,393,309,434,350,314,305,298,332,259,285,302,320,289,290,387,351,319,373,362
122,91,68,93,82,52,62,58,88,61,65,67,99,72,80,84,106,71,107,92
46,38,29,50,21,43,38,37,24,25,28,28,39,29,23,20,25,31,40,40
120,78,85,108,69,60,73,62,56,42,59,37,69,41,56,79,61,72,70,89
173,141,127,143,128,92,93,104,95,122,81,61,123,108,113,143,134,132,144,182
229,175,122,167,140,99,122,117,127,112,129,111,158,116,103,146,166,121,162,155
432,307,226,280,223,184,203,194,190,208,171,180,193,152,175,211,188,212,202,258
271,153,164,152,122,86,108,116,96,101,104,96,101,86,94,91,80,110,111,118
993,695,619,630,513,423,412,464,364,435,367,404,457,332,354,453,402,487,527,616
2201,1431,1295,1291,1051,844,860,961,792,883,902,815,974,776,852,996,979,1033,1012,1199
412,199,148,189,114,104,140,112,93,115,118,113,124,86,77,92,96,107,128,168
739,678,545,590,457,478,412,415,371,488,392,346,634,501,446,529,527,512,530,568
85,79,64,84,56,62,37,58,29,38,46,42,64,40,50,57,43,54,78,68
162,154,124,152,126,101,84,100,95,102,85,83,142,93,102,101,116,131,124,133
683,545,504,497,480,509,354,388,334,449,373,378,507,445,386,467,464,540,490,492
487,344,282,277,231,226,199,231,190,198,201,190,235,200,205,242,246,258,280,318
1291,1005,892,871,809,773,607,752,508,657,711,758,916,699,587,828,715,982,1041,960
484,371,284,302,239,225,206,235,199,231,229,197,280,254,224,262,267,261,336,342
633,346,298,221,199,141,136,147,143,181,164,103,97,97,144,127,135,157,194,127
167,141,128,140,120,92,95,79,79,82,105,85,118,95,94,116,91,101,126,131
1322,800,686,626,565,426,440,494,451,428,418,432,436,406,458,392,495,536,519,624
450,282,222,245,215,170,209,178,181,173,142,169,170,158,173,178,207,238,187,223
75,90,73,105,92,105,95,90,97,71,102,92,94,66,82,117,120,82,104,80
351,256,208,257,211,166,163,197,140,204,211,185,236,160,181,201,218,192,197,286
332,340,279,323,307,278,257,299,272,254,324,284,300,247,273,303,322,270,288,309
1019,726,642,627,405,482,436,596,309,464,390,346,435,419,325,499,389,450,463,686
164,94,107,103,84,61,70,65,60,70,80,78,84,59,56,64,68,58,81,89
27,41,27,56,56,39,61,38,79,38,50,59,50,38,37,62,69,38,67,45
38,74,37,104,111,79,131,74,164,72,106,110,89,68,77,146,152,72,141,69
187,170,169,152,175,131,115,145,110,109,101,112,149,105,121,149,122,146,183,150
149,131,114,98,94,99,116,121,45,110,108,78,70,103,61,72,65,73,96,83
74,50,68,74,59,72,75,68,68,65,68,63,73,75,54,58,73,72,92,53
111,89,78,121,85,74,62,68,57,51,48,56,68,101,60,74,69,81,115,92
170,127,98,138,120,101,106,105,88,87,104,93,111,74,86,112,121,120,123,130
162,118,105,94,93,75,67,79,58,77,66,66,67,53,69,70,64,84,77,87
445,324,291,279,242,227,204,251,139,184,205,206,270,187,180,208,200,231,286,314
1025,639,540,547,467,344,408,419,364,421,373,371,372,337,403,408,434,491,445,535
223,145,144,147,140,91,92,99,103,97,99,88,99,106,91,104,110,156,114,125
482,314,324,302,251,233,207,234,218,192,232,227,270,216,222,222,246,303,263,295
219,153,144,143,139,120,118,124,121,110,129,119,149,110,102,103,127,128,132,129
144,78,106,110,102,67,93,76,69,81,77,82,78,55,84,94,94,107,91,136
478,376,324,378,312,242,270,282,270,241,223,247,298,225,268,303,318,274,347,357
145,119,89,111,86,82,94,86,66,73,81,60,71,60,83,65,91,84,83,123
183,123,140,163,133,80,96,100,86,95,96,100,109,110,110,106,92,127,112,164
520,348,310,308,248,200,222,216,177,260,193,204,214,186,189,243,225,264,236,311
603,411,306,300,272,218,255,249,231,233,269,220,239,203,198,254,255,258,285,306
234,146,183,166,122,108,116,109,105,125,94,109,106,106,135,119,134,152,144,149
86,91,87,85,89,77,80,87,50,59,80,73,62,85,55,70,77,82,89,80
157,119,104,116,77,91,81,85,94,87,91,78,104,82,83,93,84,104,105,87
65,62,60,60,60,40,46,48,45,32,46,37,61,49,39,50,50,47,52,64
192,110,115,109,118,56,73,67,67,84,84,71,93,79,85,88,103,106,108,124
255,157,142,157,129,121,109,106,106,102,126,96,143,100,105,130,137,144,154,149
569,419,421,416,327,315,265,333,263,283,269,259,337,292,267,355,298,328,382,397
174,145,153,130,129,101,75,107,80,105,113,94,115,91,104,113,112,138,130,133
254,165,159,160,119,128,121,134,114,121,151,121,119,88,130,165,134,149,141,177
190,133,127,136,114,82,95,91,94,98,81,80,110,78,86,101,112,139,120,143
26,28,35,47,29,36,25,20,22,28,20,30,34,19,25,25,35,24,34,44
107,66,96,83,75,70,51,53,56,59,63,58,85,70,66,80,82,78,74,81
116,99,91,108,73,69,59,72,53,57,64,69,71,62,66,74,64,70,76,89
277,184,151,156,135,90,115,115,102,104,113,100,106,85,99,105,100,132,131,155
320,219,208,204,161,145,135,147,129,146,138,153,188,138,130,145,167,181,203,198
232,186,141,153,155,118,117,130,137,134,128,128,169,121,123,152,166,142,169,193
576,426,358,379,347,263,289,304,287,254,263,277,327,273,270,271,353,307,361,414
417,293,264,311,264,202,220,219,201,222,183,200,221,193,208,223,253,255,248,300
341,274,266,262,230,245,186,198,164,198,181,192,278,185,191,194,171,227,294,295
299,211,181,220,176,149,162,156,133,134,149,127,179,145,131,146,154,169,200,237
213,169,135,165,152,143,128,140,130,130,118,132,142,114,124,151,152,139,170,166
76,66,48,71,61,44,53,52,65,54,53,38,56,41,49,61,60,49,68,62
504,315,275,313,256,213,199,209,214,197,190,178,215,185,212,207,244,248,282,250
378,257,241,333,271,212,250,244,248,251,216,231,258,221,259,264,314,288,310,293
410,344,286,318,279,239,214,244,211,229,192,207,239,186,224,239,274,273,304,284
618,443,420,481,399,348,318,340,319,378,294,299,415,315,348,387,385,401,390,434
125,79,89,109,105,61,67,88,76,62,58,81,106,69,74,80,82,91,76,70
126,95,72,85,73,55,53,68,54,59,45,54,52,54,82,73,87,93,85,126
375,217,193,184,169,92,134,129,119,127,124,93,109,103,107,118,126,142,166,161
129,103,96,106,78,82,72,72,60,92,80,76,100,63,67,110,88,119,88,103
119,92,83,112,81,96,70,93,63,77,103,89,107,90,76,124,105,134,123,119
116,88,82,108,76,76,83,84,68,76,84,65,109,98,73,106,94,117,101,105
339,189,132,147,95,75,99,90,83,94,95,62,74,70,74,92,96,83,109,109
490,365,352,381,338,265,227,253,262,295,214,230,370,256,258,292,260,302,285,275
650,388,330,382,279,215,268,245,213,239,248,255,268,218,213,257,257,257,282,402
672,542,395,548,395,346,450,401,365,357,449,429,395,313,310,390,431,379,459,454
428,309,288,293,248,210,196,221,175,193,233,210,251,184,187,241,223,238,260,295
452,287,252,250,192,155,173,206,161,189,193,168,188,129,152,186,180,193,202,260
330,267,244,285,217,231,209,240,196,191,224,207,239,191,218,223,222,241,217,264
3768,2295,1978,1992,1598,1272,1446,1477,1268,1418,1326,1287,1365,1196,1234,1404,1444,1675,1647,2010
336,217,171,195,128,112,119,109,89,91,101,97,116,108,104,104,115,128,142,139
605,367,264,311,214,180,210,197,170,159,174,158,182,170,147,191,189,203,248,223
131,70,77,87,64,35,45,35,32,45,31,42,41,43,40,35,48,46,66,69
902,732,712,748,643,598,531,555,537,628,483,468,783,652,590,644,616,677,711,704
349,218,235,243,235,228,128,189,169,210,175,158,311,198,211,225,202,248,179,176
65,41,59,61,68,61,22,56,39,50,31,19,91,58,56,64,40,60,27,27
191,147,129,118,114,104,88,124,75,77,94,103,94,69,89,83,111,98,123,155
20,31,52,59,34,56,29,43,38,38,51,40,47,39,25,41,42,41,28,39
435,305,265,317,271,213,234,260,228,211,267,245,248,223,252,253,249,254,267,286
80,90,68,101,87,81,78,69,74,78,76,81,96,75,64,105,100,55,91,80
125,82,75,79,48,56,65,67,71,63,75,44,73,53,48,60,46,58,63,50
845,656,619,639,617,606,421,526,508,498,447,475,669,506,519,528,578,662,588,626
3,2,8,387,1,377,1,5,1,0,0,0,1,1,10,2,5,1,3,1
113,135,98,151,127,106,138,90,147,115,113,115,139,111,105,156,175,116,157,120
64,48,52,69,59,51,49,53,42,59,51,48,72,48,46,62,57,77,58,54
358,309,279,263,250,199,183,245,182,191,162,211,239,186,177,243,205,255,252,291
213,170,160,174,135,110,126,156,130,114,123,121,159,122,118,145,176,128,164,189
262,208,196,206,183,174,138,169,117,133,157,141,185,140,138,172,190,210,213,224
737,465,402,403,325,211,264,230,223,236,239,211,236,195,212,211,253,276,312,308
662,447,517,570,386,492,401,382,235,341,646,345,451,736,319,679,410,742,611,574
2106,1297,1051,902,756,579,691,749,598,764,679,655,719,526,514,713,651,697,760,1090
611,366,313,268,248,209,201,241,217,190,210,218,226,199,210,219,249,247,259,281
1402,976,868,954,767,569,662,736,655,634,584,634,636,661,705,717,738,792,805,933
3071,2163,1916,2066,1615,1382,1475,1582,1436,1409,1359,1270,1373,1306,1379,1549,1481,1627,1743,1854
321,239,179,201,192,145,143,163,144,131,125,140,151,168,129,144,182,211,167,223
581,336,233,219,157,118,133,132,117,155,144,102,92,106,125,90,102,128,142,120
228,173,135,184,180,142,146,123,187,137,174,126,165,138,121,170,185,130,211,135
211,153,158,172,140,132,134,137,123,106,122,118,142,124,131,121,159,151,171,178
873,558,460,445,384,253,355,337,272,313,345,368,295,264,254,333,238,284,316,398
927,570,455,536,387,284,359,373,274,350,329,306,340,305,273,377,371,393,410,436
1219,847,705,873,665,606,521,606,476,526,561,481,645,492,526,578,568,640,644,754
471,263,237,237,188,177,185,153,165,175,146,162,145,114,164,182,187,196,189,207
145,166,113,187,189,175,172,152,224,148,183,176,190,163,147,209,234,157,222,161
1021,573,501,526,403,343,402,370,301,338,332,330,359,322,294,348,386,384,432,539
794,467,396,348,314,264,273,272,233,293,256,217,243,201,216,230,240,305,303,340
698,495,440,472,391,337,344,345,299,325,342,268,355,301,345,354,358,381,444,481
5943,3231,2812,2964,2600,1767,2074,1904,1598,1774,2031,1693,1836,1561,1614,1884,1764,1908,2227,2299
1071,573,498,552,415,289,356,338,255,272,303,245,305,256,257,253,261,308,306,352
198,165,139,178,159,150,125,166,121,141,126,143,157,122,118,133,168,141,135,181
714,488,412,450,362,288,354,346,324,296,333,347,341,314,308,329,355,357,363,429
1690,1192,1099,1052,920,862,861,939,843,782,789,732,832,726,807,900,869,911,943,994
373,216,192,205,155,131,142,141,126,129,120,121,102,106,136,142,152,153,162,148
26,17,23,38,20,16,22,19,11,16,11,16,23,21,11,10,12,25,34,24
283,201,172,204,187,146,156,172,156,152,192,182,171,126,129,165,169,165,183,200
115,166,128,238,223,209,217,186,288,176,228,238,260,214,163,256,312,155,332,162
128,122,140,145,130,117,101,101,104,91,102,111,130,103,95,149,132,138,150,124
241,145,170,153,115,106,91,112,89,88,99,104,133,100,107,109,122,129,131,117
434,313,343,362,305,287,223,277,232,267,232,240,285,251,223,308,300,358,366,315
506,320,263,259,224,177,176,202,178,193,156,178,197,194,172,199,234,218,245,286
553,396,393,393,338,290,269,333,255,239,295,304,312,232,305,300,339,340,367,384
577,378,302,288,235,213,213,245,207,210,242,196,249,194,189,217,234,227,292,296
430,270,207,263,136,118,164,171,165,127,141,121,143,150,111,166,139,163,157,193
1159,698,569,686,487,366,446,387,461,411,377,343,393,372,411,475,465,440,496,480
1756,1021,791,860,734,505,573,585,528,554,539,550,543,508,595,592,609,654,680,687
223,177,144,164,106,100,117,106,119,121,110,92,159,130,109,134,151,118,146,124
647,392,314,412,297,226,292,308,248,237,227,197,238,216,277,267,267,273,304,294
317,242,184,203,172,146,182,159,156,134,141,144,149,123,125,156,166,151,181,212
130,95,105,105,98,87,70,75,49,87,85,82,96,77,64,94,76,112,111,94
191,141,140,150,119,103,91,101,87,122,93,94,127,101,110,130,135,163,131,139
1441,1214,982,1048,860,853,812,843,704,876,732,714,998,768,752,929,921,929,976,1033
299,209,171,222,162,141,161,146,161,150,136,173,168,144,146,203,196,173,206,206
301,201,152,145,136,107,102,141,105,105,126,135,110,100,113,129,142,126,131,176
121,149,128,154,139,129,150,139,151,111,149,141,145,117,109,177,180,144,181,142
125,123,103,143,115,103,120,115,142,98,119,118,132,106,96,143,157,115,155,110
54,102,71,150,139,118,143,102,172,96,147,147,141,120,109,163,198,89,195,104
342,230,203,205,153,146,126,166,119,118,150,127,155,128,136,173,171,157,203,213
125,147,137,170,148,135,168,117,186,101,158,174,153,124,137,195,207,146,186,164
413,293,263,235,205,200,163,210,136,155,169,188,203,137,180,195,234,160,226,282
1197,750,640,601,475,401,442,476,390,448,436,391,402,390,379,404,445,509,463,606
111,81,89,94,93,69,79,67,54,66,62,61,94,74,71,65,85,95,85,102
316,157,151,134,113,65,83,87,89,67,105,87,84,83,92,87,83,96,118,134
143,114,145,97,119,62,69,96,78,62,80,74,92,85,97,90,66,94,100,119
65,63,62,67,65,40,49,52,37,30,31,46,50,39,29,44,42,53,70,67
198,147,106,122,104,89,86,97,76,87,104,84,105,88,66,100,80,104,91,137
1803,1284,1114,1219,971,885,939,966,835,844,908,779,928,774,751,847,842,891,1036,1107
375,262,212,228,182,163,176,186,155,152,187,160,171,161,149,141,178,196,207,262
2279,1658,1207,1584,1180,972,1215,1066,1074,886,1093,818,1332,941,825,1001,1110,1113,1249,1445
350,259,234,252,206,184,178,198,155,151,174,173,177,149,183,188,190,239,219,288
405,316,272,292,249,194,259,243,232,215,241,209,227,204,201,253,252,249,222,256
323,189,173,174,152,117,126,131,125,114,110,98,129,119,113,122,149,141,136,170
405,251,274,222,215,156,128,192,160,145,170,155,162,179,182,173,140,160,201,220
464,377,333,319,287,225,199,239,216,242,199,258,237,216,269,277,267,340,314,486
522,408,386,367,304,325,242,308,210,271,267,276,315,286,251,351,292,384,397,434
16,32,35,63,51,58,44,53,52,52,54,72,68,49,42,55,62,41,47,54
322,310,267,307,269,231,198,232,236,235,280,243,275,203,216,305,323,259,257,335
143,84,78,119,70,64,71,69,64,61,70,55,81,49,53,74,87,65,90,67
171,123,111,113,89,81,86,88,73,74,72,67,95,78,88,74,86,99,89,118
1036,920,773,855,664,531,626,683,500,592,664,609,634,561,548,627,513,580,638,775
251,204,192,224,205,201,166,208,125,166,192,167,200,158,186,196,216,168,179,230
122,96,72,106,92,65,54,68,68,65,57,64,90,51,61,69,73,85,84,92
333,396,241,448,436,327,543,321,596,310,432,422,355,265,342,639,584,351,532,316
448,363,280,342,301,181,203,232,225,270,210,210,313,264,250,240,211,254,287,282
264,210,167,232,181,95,90,131,143,154,107,112,144,128,141,150,124,135,156,162
104,94,97,101,92,74,80,85,74,71,81,74,76,70,88,73,84,97,82,106
95,75,76,69,66,60,71,55,63,57,66,61,77,62,69,71,70,78,77,88
119,88,63,69,40,35,45,38,46,39,36,43,39,34,37,36,44,56,49,54
754,483,462,444,382,299,333,322,285,299,290,323,288,336,298,306,356,402,393,450
197,113,127,123,129,102,86,80,107,88,101,84,105,97,98,99,128,146,145,163
796,532,441,435,397,317,333,315,284,317,323,297,320,273,256,335,325,341,351,466
193,123,112,112,120,77,63,81,73,89,77,73,81,86,77,87,101,109,114,142
206,154,140,124,103,90,95,108,89,82,79,80,110,88,109,110,111,119,127,148
326,228,196,196,158,150,131,164,134,132,124,143,144,129,140,171,155,182,161,208
1869,923,727,609,494,389,464,376,365,509,422,386,323,282,292,308,260,355,445,416
119,116,102,125,104,93,87,96,70,76,83,90,96,70,79,106,93,85,114,104
170,126,129,144,105,109,100,93,102,87,94,95,136,90,88,116,142,103,122,131
3436,2858,2524,2333,2213,1996,1739,2276,1526,1693,1658,1775,2209,1692,1815,1936,1733,2073,2688,2682
201,173,122,162,122,113,113,140,77,112,91,80,104,107,87,105,108,93,138,148
398,264,231,239,190,152,167,199,154,150,164,155,192,146,146,151,166,207,206,215
362,299,241,264,232,199,182,203,213,205,214,222,236,177,192,250,225,240,240,268
1385,1018,906,911,781,695,726,782,703,684,666,623,665,630,669,716,701,780,777,868
218,141,111,113,79,64,96,103,71,86,90,70,97,79,65,85,74,74,78,110
1415,735,626,617,448,345,471,425,327,405,423,390,449,332,279,362,377,411,464,588
651,451,290,399,301,248,374,229,320,209,278,276,229,194,217,348,352,254,363,278
1599,1063,900,909,797,646,610,739,580,606,593,593,721,608,671,664,685,758,776,858
260,164,149,143,151,84,108,125,128,102,87,96,121,105,113,118,133,120,149,143
118,307,123,378,419,294,564,264,632,248,418,420,298,210,303,633,612,269,514,242
1021,916,453,683,558,275,656,356,211,263,353,375,414,441,92,410,366,490,611,526
993,900,436,672,547,269,652,349,203,252,348,362,407,433,86,405,358,470,602,507
166,119,113,132,106,78,84,94,88,71,79,75,99,84,81,90,93,105,111,114
230,238,189,291,137,157,119,166,118,179,144,113,181,114,224,144,165,317,186,226
954,637,526,571,446,359,411,434,380,400,371,361,387,366,388,412,451,486,493,559
1154,704,525,552,479,326,392,424,365,340,403,310,341,342,344,340,404,418,417,486
228,190,159,179,143,145,148,163,122,120,153,139,139,134,134,131,158,144,168,168
476,335,311,302,263,228,221,276,226,213,237,246,290,238,235,221,290,262,297,312
361,245,214,220,191,175,140,175,145,175,143,154,213,154,153,160,179,207,198,208
378,293,262,317,257,210,215,200,205,218,198,215,210,185,207,236,251,285,263,277
1765,1449,1216,1481,1206,1064,1155,1157,1200,1033,1135,1116,1264,1005,1014,1310,1431,1195,1461,1368
1270,972,893,899,772,715,696,792,713,647,651,588,656,623,679,736,676,754,808,808
1909,1356,1242,1243,1044,958,975,1047,937,886,862,771,911,829,912,1013,946,1066,1115,1102
322,212,178,203,182,147,144,132,119,148,161,144,145,124,145,189,127,170,150,187
141,110,72,106,71,59,77,76,63,68,69,97,74,53,64,88,68,73,83,96
598,414,385,364,298,280,282,267,245,297,287,246,345,231,243,278,294,327,349,376
453,276,270,313,231,213,217,268,185,171,186,151,154,191,263,201,215,240,270,247
267,147,131,161,103,82,97,108,100,78,97,93,87,73,97,104,93,104,117,143
327,283,210,269,201,178,185,213,181,204,158,159,209,193,186,214,206,233,247,239
97,81,49,79,58,47,47,48,37,50,38,46,38,52,40,58,56,52,44,73
218,234,183,275,167,157,144,168,148,123,160,194,150,132,152,200,193,179,209,193
149,120,100,134,102,111,91,90,69,83,77,80,66,77,94,102,105,112,108,138
1877,1216,1046,941,887,758,818,818,700,733,785,655,706,619,670,714,711,777,777,863
535,256,281,330,256,237,277,275,239,164,230,164,214,187,276,234,243,218,251,260
339,205,172,219,159,159,191,158,140,97,125,77,119,117,182,111,152,117,130,140
214,131,103,158,98,86,87,111,98,61,87,77,75,82,98,114,115,96,119,108
564,350,287,294,221,177,224,231,203,236,201,201,223,166,177,193,222,234,233,259
480,251,227,260,217,161,179,162,161,189,142,160,161,136,160,173,172,212,173,213
1068,788,676,811,682,538,649,541,674,546,524,526,579,509,557,706,696,629,794,687
450,301,297,292,230,231,180,234,182,208,164,175,208,151,207,205,223,181,252,313
606,465,438,540,403,354,332,387,339,312,255,352,399,309,339,394,378,414,439,457
860,558,497,443,388,313,324,373,333,292,294,343,345,304,318,338,379,391,418,502
889,583,498,503,436,352,370,392,327,343,366,370,382,344,350,367,419,444,463,565
138,110,105,122,99,89,71,82,66,76,79,62,92,87,74,87,70,74,73,101
75,50,45,67,52,43,38,48,36,50,42,36,44,58,37,39,46,54,52,69
609,377,336,334,267,204,217,255,203,232,242,192,235,209,226,203,288,291,299,365
371,215,220,209,181,169,144,190,174,132,162,177,173,161,158,162,211,174,188,198
524,392,338,386,292,238,295,296,265,252,303,280,282,244,271,287,297,267,330,342
491,339,283,338,266,218,270,249,248,263,260,249,270,225,218,268,293,244,315,300
341,256,227,241,204,130,178,149,183,163,131,163,206,152,183,220,197,215,210,203
697,539,458,545,425,344,389,349,379,361,399,380,415,366,321,435,434,425,527,472
526,339,274,370,319,233,315,265,334,247,258,269,237,233,226,312,349,260,369,325
869,537,444,446,321,224,339,315,245,330,283,284,296,236,237,306,304,360,336,412
1141,792,678,771,611,467,580,541,574,490,484,518,532,474,528,600,610,608,720,682
451,297,267,313,233,170,206,233,178,203,175,204,234,182,207,227,245,256,260,302
718,511,445,434,340,286,288,308,255,313,252,280,354,281,284,317,352,378,366,448
318,220,236,235,186,151,175,207,167,150,219,204,199,136,118,146,162,112,159,206
222,164,129,175,147,111,155,114,148,94,126,122,110,113,121,145,176,115,177,124
695,443,388,371,310,246,317,303,262,259,266,250,263,215,243,288,298,297,312,382
314,206,192,207,181,142,125,169,128,146,136,153,183,161,145,135,166,170,203,203
700,479,391,413,387,289,309,310,321,327,264,275,309,256,269,345,324,352,349,381
1429,951,773,886,729,587,648,701,648,619,589,643,658,591,632,637,696,691,754,834
704,382,347,357,294,249,244,243,222,216,205,206,225,209,255,238,262,307,273,300
894,487,389,417,327,246,298,320,279,277,258,264,272,242,278,253,304,363,318,385
109,77,84,120,75,80,75,57,59,81,61,58,91,66,57,89,78,92,73,72
388,245,237,261,184,164,185,193,152,152,148,165,177,150,145,186,199,167,215,260
464,316,313,321,295,220,221,244,236,226,226,215,266,229,250,263,283,318,327,356
91,75,97,116,94,74,75,77,67,64,70,59,71,73,60,83,83,99,93,125
92,105,102,137,101,115,85,71,82,88,149,79,153,80,86,161,107,114,103,108
191,96,79,113,78,79,70,62,45,47,70,42,52,54,67,51,72,74,78,71
697,492,455,462,344,340,328,389,269,324,292,299,372,282,285,358,366,392,375,477
509,253,206,227,177,134,150,142,150,161,115,147,133,122,167,146,165,163,148,174
277,264,228,219,241,208,136,211,119,135,130,164,239,159,183,187,161,197,290,286
214,182,123,167,123,109,93,113,95,94,110,112,141,99,83,114,111,130,119,163
667,564,488,588,487,412,368,482,303,392,388,362,438,330,401,414,431,488,486,561
248,201,140,172,145,120,97,139,86,118,137,128,121,114,114,134,134,149,123,177
139,132,101,165,144,127,166,118,168,113,145,141,140,110,110,213,190,122,196,111
159,126,115,124,118,97,91,82,104,75,90,76,105,93,90,109,126,112,118,112
1219,838,643,676,651,516,479,545,519,483,450,494,497,457,508,583,561,660,631,803
188,132,91,106,88,75,76,76,68,79,78,86,87,74,83,90,82,85,86,99
73,80,62,64,53,54,42,41,33,54,50,48,53,53,50,68,50,68,78,83
254,144,123,152,144,101,148,103,126,100,87,116,98,84,96,116,114,130,134,140
1169,817,655,681,554,458,461,516,402,489,390,445,491,412,429,510,511,588,567,737
431,206,155,227,168,123,131,142,82,87,115,68,112,98,96,102,126,137,100,127
561,385,319,349,297,206,254,245,200,210,252,229,221,200,185,237,211,206,247,263
186,147,153,158,149,130,118,118,82,128,124,129,149,111,96,126,141,151,140,164
235,176,166,181,148,108,126,117,89,120,130,129,127,107,100,128,90,99,147,124
333,216,149,169,151,102,118,146,113,124,96,103,126,112,133,106,148,140,171,172
454,249,203,228,142,113,138,143,108,112,106,85,90,70,107,98,111,120,116,124
451,226,183,232,128,144,168,142,114,119,127,100,111,108,109,91,107,103,163,137
291,242,190,262,213,165,156,141,145,142,174,133,167,149,141,223,179,198,252,203
198,166,129,180,152,124,109,115,119,124,94,112,136,127,113,134,135,127,164,156
257,152,130,146,110,65,87,79,94,72,81,84,76,78,88,93,102,110,104,127
249,210,161,256,202,153,136,160,161,144,123,151,183,133,143,210,188,211,239,198
327,234,197,265,230,137,150,162,185,166,122,140,184,133,178,230,184,224,206,228
221,145,121,163,169,95,98,114,129,105,82,138,123,93,115,132,130,120,118,156
698,386,347,380,268,252,264,249,232,235,211,221,216,202,232,221,262,267,284,282
140,105,87,121,86,70,66,83,84,52,45,58,76,60,61,83,88,67,89,115
591,401,330,348,264,225,241,234,194,217,214,218,254,208,169,230,179,213,266,287
810,491,397,389,336,259,269,337,259,266,261,249,237,218,284,255,280,300,330,351
2988,2079,1803,1755,1572,1046,1405,1395,1097,1269,1584,1569,1251,1110,971,1447,910,1109,1177,1527
716,595,529,543,467,421,340,451,346,365,347,412,466,346,385,426,468,507,444,572
146,109,74,79,70,50,73,55,58,67,63,55,64,52,30,50,62,58,75,98
256,196,173,213,137,153,142,131,108,121,108,84,168,112,131,100,138,149,191,171
112,81,79,97,61,59,60,64,52,46,40,58,78,77,46,57,64,53,110,101
13,24,21,17,14,29,15,23,14,18,11,13,18,14,20,26,18,30,21,18
527,422,316,425,371,307,316,360,301,288,310,326,354,274,316,328,349,340,414,473
333,209,180,216,186,135,135,146,153,126,155,142,162,153,148,164,172,181,210,226
309,231,226,240,245,193,158,185,149,177,177,160,227,177,176,232,201,252,264,255
2604,1579,1307,1241,974,806,872,952,776,947,850,832,870,727,773,950,852,980,942,1290
421,220,218,248,170,149,142,145,118,129,140,120,111,122,140,121,150,121,155,146
370,285,256,239,228,185,170,199,164,194,157,167,214,152,181,200,190,221,228,246
834,539,436,470,383,322,367,364,313,368,329,391,351,310,348,359,328,380,378,470
142,98,96,94,86,75,73,70,69,59,68,72,77,61,62,78,89,88,95,104
538,426,402,410,355,282,237,312,271,267,239,256,293,285,295,331,302,348,355,413
382,302,260,273,265,218,175,220,192,220,191,196,228,188,229,262,239,272,258,291
150,92,85,100,76,65,71,60,63,66,48,44,60,49,69,72,67,87,94,97
607,473,419,471,373,322,340,360,326,305,298,318,331,284,312,364,352,375,424,392
1005,572,488,455,386,283,322,284,244,322,308,269,293,231,213,305,245,300,334,425
58,64,31,67,43,68,54,29,21,30,23,21,34,53,51,21,39,45,55,48
2488,1402,1125,1095,943,647,859,807,734,794,742,665,720,636,679,751,786,808,780,909
797,453,368,374,285,259,335,298,228,259,280,261,284,232,213,249,294,324,331,455
148,130,96,120,84,88,72,63,63,76,59,39,75,75,62,57,65,70,89,94
232,116,131,133,135,84,92,99,98,74,98,89,111,97,105,130,126,168,146,126
228,154,146,212,179,122,108,142,144,127,107,113,125,119,142,160,147,159,163,158
55,71,76,111,81,87,50,64,71,72,48,65,105,73,53,74,84,62,88,70
584,403,300,382,200,222,238,259,157,263,233,202,264,194,143,231,221,218,278,368
680,367,340,343,298,226,280,240,254,240,190,253,230,239,249,287,294,334,304,365
430,364,323,349,310,249,252,283,227,255,251,235,271,236,258,307,286,310,313,366
585,368,264,263,208,160,199,198,166,206,187,147,174,136,167,157,182,209,211,217
1166,715,591,550,498,382,407,391,368,411,386,323,416,339,403,360,416,447,492,508
164,127,127,151,138,91,94,116,112,90,117,118,113,90,84,122,116,120,137,143
633,368,326,330,249,238,248,235,211,225,232,225,234,201,219,277,227,252,277,347
625,463,372,431,338,285,320,342,306,290,328,318,324,277,318,340,374,326,385,451
531,361,296,336,279,221,265,267,276,231,236,244,254,221,236,279,328,255,328,323
809,524,431,396,345,244,321,346,279,282,247,288,265,266,294,272,320,387,325,527
346,232,183,192,172,149,121,148,129,149,131,156,135,123,167,192,156,231,180,267
419,333,285,282,226,200,234,242,171,210,214,206,215,203,183,214,157,182,194,234
220,204,165,211,155,157,158,188,146,126,161,146,135,136,160,156,164,167,153,183
1096,705,562,622,485,401,423,477,406,389,457,430,469,397,411,458,465,456,532,608
1509,860,719,742,556,407,502,510,402,454,499,415,468,415,432,470,497,538,592,721
358,198,152,205,168,120,154,140,149,120,140,139,136,112,146,134,159,147,155,165
338,246,262,238,209,194,166,182,138,195,168,154,204,156,168,195,213,217,212,239
166,117,108,114,86,60,91,78,63,70,71,59,58,54,75,85,85,90,105,107
293,293,235,279,261,207,229,252,241,213,256,265,278,200,221,297,287,263,303,321
152,97,79,124,91,54,66,75,86,72,82,71,86,57,80,76,96,101,87,117
286,186,153,161,145,94,108,109,104,120,107,103,122,108,93,105,104,124,110,168
367,240,222,247,212,203,186,184,206,168,164,182,196,184,195,196,217,247,247,213
141,110,137,127,119,130,79,117,75,109,118,120,127,99,127,145,136,121,106,149
133,86,75,94,75,51,50,57,65,71,48,47,65,75,78,76,74,82,81,60
330,208,163,168,137,105,138,151,129,109,131,126,108,105,104,144,150,130,158,157
145,87,93,122,84,75,73,85,75,84,54,67,81,71,89,94,86,97,100,107
363,281,255,305,238,212,201,201,160,208,159,164,240,180,218,215,218,267,267,292
249,182,136,183,177,125,159,136,182,125,116,130,147,127,149,191,167,159,187,163
651,445,367,358,313,244,262,268,277,279,244,282,285,234,235,304,291,295,301,404
355,254,199,197,162,141,179,190,152,156,144,165,173,135,130,136,169,193,191,229
375,223,213,241,208,144,170,137,159,158,113,174,156,145,151,164,167,190,166,179
