171,200,138,138,131,137,120,163,156,198,150,180,170,173,151,184,279,404,714,1019
228,212,167,153,201,253,179,200,149,288,283,221,215,203,214,202,339,360,591,562
163,231,212,172,175,180,169,169,208,235,203,212,215,217,220,246,331,481,870,1364
45,61,36,54,55,53,48,65,54,100,37,72,67,51,82,73,94,161,315,493
653,742,593,536,560,560,624,694,590,818,698,690,720,666,660,745,1064,1361,2180,2987
303,236,371,220,282,284,330,297,332,330,305,286,273,293,277,371,368,498,705,826
636,563,825,561,614,643,767,749,703,798,656,663,689,737,637,888,871,1263,1767,2136
1749,1477,1850,1407,1598,1467,1801,1717,1577,1897,1649,1726,1565,1668,1650,1958,2077,3196,4605,6497
219,244,276,200,207,201,242,251,256,250,239,246,261,231,291,284,361,506,894,1192
591,505,667,462,561,524,592,617,579,658,643,645,539,574,572,678,771,1140,1661,2297
3197,3078,4822,3020,3390,3351,3718,5067,3661,4493,5017,3752,4759,5863,4065,7279,6246,6288,7309,9387
177,160,233,140,176,148,197,194,160,204,206,173,175,193,175,234,222,335,484,572
83,67,97,76,85,90,77,90,111,116,95,91,101,119,100,124,150,306,617,1074
1063,897,1080,888,974,929,1105,1057,982,1181,962,1025,970,1070,999,1191,1235,1886,2559,3262
448,393,556,393,443,427,536,513,426,522,461,449,446,482,454,577,629,934,1212,1614
324,256,360,256,291,263,301,318,256,313,284,284,215,243,273,270,326,475,658,819
417,339,427,346,381,346,384,435,367,425,361,369,374,360,406,439,493,735,1090,1388
224,180,266,163,193,211,199,209,207,235,210,210,163,176,233,189,222,381,525,672
74,56,57,57,45,50,67,71,52,73,57,53,55,74,58,72,69,123,157,174
115,99,123,97,119,125,144,140,126,146,124,123,114,130,121,142,145,211,301,331
248,248,350,211,248,265,312,342,291,358,303,299,333,381,321,416,417,589,805,959
434,384,464,361,439,366,446,501,393,497,421,380,408,455,397,568,543,731,1025,1426
90,120,115,105,92,65,106,112,107,99,99,120,102,89,99,102,140,181,283,450
197,170,150,160,175,168,174,157,118,181,163,173,145,146,122,130,162,207,211,176
376,413,315,296,336,345,344,360,321,399,411,351,361,356,322,379,508,659,1037,1260
536,676,650,438,479,609,613,625,561,643,730,651,689,684,634,652,797,810,1132,1544
125,158,138,108,128,123,112,167,127,151,143,107,146,151,139,147,217,300,530,806
391,398,298,354,379,326,380,375,307,402,390,365,344,287,251,358,471,399,499,460
108,96,87,81,92,94,62,74,56,101,97,88,70,64,53,64,99,116,114,113
100,130,150,99,105,103,119,122,103,108,140,125,131,132,120,109,105,124,79,86
94,63,48,57,74,71,68,64,65,74,79,67,51,60,61,70,104,136,159,181
56,41,60,36,66,64,41,39,37,47,34,48,33,49,47,52,60,67,69,91
789,767,716,653,766,705,720,818,644,772,784,759,727,726,730,735,852,1070,1384,1459
595,542,597,428,494,473,510,567,523,589,546,540,528,519,601,657,773,1013,1625,2076
794,814,865,619,692,677,762,745,693,927,853,804,846,800,805,952,1218,1933,2985,4359
167,202,219,187,182,175,180,219,196,278,249,231,247,266,233,301,353,530,815,1251
3841,4044,5685,3791,4140,4149,4315,5815,4421,5543,5938,4780,5601,6495,5333,8320,8315,9859,14483,21703
1653,1513,1851,1358,1491,1489,1599,1777,1543,1866,1639,1685,1576,1624,1708,2023,2434,3562,5966,8478
299,309,364,307,293,319,333,306,346,437,282,349,336,278,438,463,598,822,1650,2396
355,346,399,317,379,343,382,399,345,479,347,360,358,377,415,482,555,917,1529,2226
359,407,434,355,364,363,380,434,408,547,394,494,424,420,545,566,732,1172,2177,3481
2033,1807,2468,1699,1965,1873,2195,2341,2080,2471,2223,2082,2150,2404,2126,2880,2830,3835,5533,7106
342,289,331,276,324,288,358,335,326,348,289,347,314,335,322,385,388,618,867,1103
255,183,272,203,268,255,259,238,288,261,211,239,257,217,239,266,307,443,686,809
359,280,355,272,292,206,406,336,310,350,324,321,289,317,352,376,446,662,1033,1423
1354,1180,1476,1048,1173,1067,1373,1307,1307,1451,1258,1243,1210,1258,1288,1589,1808,2675,4457,6021
909,820,969,615,766,730,875,886,836,929,763,782,746,807,823,945,1053,1580,2527,3541
6331,6552,6316,4879,5915,5525,5898,6924,6335,7793,5997,6836,6514,7672,7220,8116,11508,18371,33220,51050
468,513,436,408,431,429,449,487,415,511,479,513,472,467,478,511,680,1015,1641,2547
158,147,153,153,165,148,188,195,159,214,175,202,157,220,202,243,282,519,882,1458
637,555,630,467,633,547,576,721,602,779,603,718,642,818,797,833,1204,2096,3550,5877
381,352,345,306,326,367,337,453,338,494,362,417,450,478,468,514,704,1075,1785,2768
766,589,663,421,487,537,622,735,905,795,537,598,764,1231,659,1081,1672,3421,7445,7712
268,316,272,211,212,214,274,298,286,370,253,374,311,300,346,404,676,838,1807,2405
116,137,127,96,108,92,92,133,109,126,112,160,104,112,130,140,236,307,534,893
215,292,183,178,168,166,209,243,180,217,171,197,230,178,217,188,306,394,605,772
196,173,213,98,162,173,156,188,127,172,140,135,170,144,134,198,247,378,635,878
802,1038,782,660,800,622,950,934,682,946,819,801,833,772,665,747,1145,1507,1845,1971
83,89,74,74,80,62,100,93,79,97,72,70,76,75,51,70,114,140,127,138
107,77,69,64,51,58,106,73,68,69,73,101,71,52,45,65,159,100,89,50
41,22,43,34,33,29,32,42,27,30,36,33,28,27,22,29,50,82,87,126
28,30,18,25,18,19,28,30,25,37,19,26,38,27,28,27,30,67,89,90
29,27,46,39,27,36,27,30,37,58,31,41,49,32,55,60,74,127,243,447
109,174,186,203,172,114,159,194,209,247,192,234,217,213,256,269,382,694,1365,2451
1657,1827,1642,1339,1350,1394,1487,1598,1407,1759,1663,1554,1813,1603,1622,1712,2431,3028,4805,6540
54,47,63,42,66,59,55,75,49,64,60,42,43,58,50,67,70,115,165,204
167,166,186,150,168,179,135,168,150,219,170,179,171,171,201,214,308,475,833,1239
106,83,89,80,109,81,66,105,100,135,72,105,112,123,120,125,198,343,651,1115
21,29,30,27,29,28,30,31,15,57,64,22,39,61,60,64,78,123,215,157
239,259,225,216,208,177,198,214,234,244,224,281,224,229,254,213,313,418,780,1243
30,50,41,40,40,33,25,31,29,49,44,48,50,50,38,46,53,72,123,179
5,19,10,12,9,12,16,9,2,8,9,14,12,12,2,6,7,21,20,49
203,192,183,165,151,146,176,201,199,215,252,184,154,167,197,181,237,373,512,755
114,101,117,112,116,90,118,107,115,136,127,123,117,117,120,123,160,229,335,356
245,177,199,157,160,176,212,188,172,197,179,223,216,162,147,174,291,275,242,197
112,127,106,115,87,68,99,102,137,122,110,167,108,113,161,104,169,247,536,908
28,18,37,33,14,27,34,54,12,12,20,14,64,49,49,84,36,55,57,58
232,249,266,224,245,238,273,245,257,295,240,287,258,245,312,325,474,697,1205,1805
311,336,366,278,274,274,309,309,369,352,286,280,318,311,370,421,532,690,1258,1560
273,193,294,233,227,224,205,239,255,280,284,269,241,236,286,248,292,419,630,811
112,144,153,107,106,110,157,114,129,134,162,137,146,144,140,142,147,137,65,62
182,62,54,90,157,100,62,71,76,99,88,17,65,82,16,184,106,150,19,17
45,33,48,37,36,36,39,38,34,62,38,41,47,45,41,50,65,100,190,270
37,46,33,55,41,44,55,45,53,61,44,65,56,60,44,78,82,143,310,460
9,11,15,12,7,2,10,14,9,14,15,13,5,31,13,26,27,53,100,83
35,33,35,23,23,20,29,35,27,36,34,28,25,32,26,41,44,64,77,102
23,21,21,20,9,16,14,36,12,12,24,15,33,28,24,40,30,44,48,59
11,8,13,13,5,8,16,16,12,16,8,19,14,12,8,16,18,27,32,29
23,12,20,15,16,20,15,21,13,18,18,15,15,20,17,25,24,42,60,76
975,993,871,869,915,824,1001,935,891,1116,1060,963,1015,820,890,1071,1465,1915,3131,3923
1604,1681,1423,1361,1516,1320,1600,1646,1421,1802,1677,1637,1597,1375,1476,1696,2423,3043,4754,5782
97,103,83,58,67,80,72,76,83,88,97,97,87,68,78,62,119,158,206,216
172,157,145,128,159,160,165,178,129,203,176,168,200,156,188,217,266,403,778,1071
142,143,134,118,153,110,136,149,135,169,153,152,135,118,124,170,219,299,396,462
829,772,652,663,755,604,809,730,726,812,741,758,759,650,517,725,945,992,1450,1346
304,203,212,216,226,196,253,254,253,323,253,255,257,226,185,250,295,364,573,578
279,219,229,261,276,189,274,223,210,258,225,208,189,194,157,205,286,252,371,295
176,187,173,157,156,151,155,182,168,169,177,170,158,150,169,199,259,321,558,723
286,306,286,280,236,264,263,314,306,276,325,334,283,299,293,342,466,628,1115,1492
164,125,151,126,149,117,132,141,128,186,165,160,139,134,121,164,225,298,315,402
1352,1405,1178,1208,1403,1092,1322,1568,1191,1648,1433,1111,1233,1321,1093,1251,1859,1973,2937,3851
264,251,228,212,234,180,238,241,305,266,307,258,233,237,256,281,368,559,833,1169
76,69,71,50,82,66,58,59,60,71,41,71,56,56,61,39,72,98,135,184
87,80,71,76,70,67,79,81,74,98,91,63,84,76,61,73,99,145,251,294
39,28,30,25,25,22,33,32,27,38,23,38,40,25,24,28,45,78,117,112
67,45,51,30,39,64,45,42,47,61,65,57,48,52,48,43,66,78,73,106
188,185,181,148,177,165,155,202,154,193,190,174,171,198,154,156,181,223,241,249
27,36,35,25,35,28,37,25,30,33,38,30,34,46,33,36,45,51,34,52
263,189,285,218,284,259,273,243,291,270,211,244,242,225,239,274,304,439,652,727
504,408,404,396,463,365,484,442,437,522,440,443,431,412,341,385,504,644,903,889
39,23,22,46,54,17,49,43,40,26,41,49,27,59,27,34,44,64,59,44
1085,1183,1609,931,836,1313,1477,1102,1242,1506,1842,1632,1918,1589,1366,1321,1392,1089,169,141
11,1,0,1,0,0,0,4,5,3,0,373,376,7,2,1,1,10,3,2
141,168,224,137,123,185,190,150,170,201,238,187,224,223,178,182,186,146,33,23
62,66,58,52,58,57,66,56,49,70,84,67,52,66,60,55,70,85,52,57
295,264,234,251,275,213,274,265,231,256,282,238,228,172,169,233,287,291,328,286
313,300,304,261,287,279,322,312,296,322,307,289,275,260,255,316,404,495,663,968
258,328,293,225,273,289,355,341,219,319,276,393,353,255,233,275,379,431,636,653
652,644,544,518,643,472,640,594,494,607,650,560,701,533,475,524,656,743,902,658
122,172,137,101,128,147,244,180,112,173,125,248,182,105,110,96,152,186,264,189
516,667,563,458,524,519,739,746,424,670,595,791,723,518,496,586,769,1103,1467,1830
1334,1411,1458,1224,1274,1281,1376,1372,1216,1399,1384,1405,1377,1366,1238,1368,1632,1926,2563,2894
29,86,12,5,57,37,69,53,48,26,50,58,81,44,54,67,75,59,43,11
111,126,77,83,134,105,79,81,61,109,91,99,92,81,46,62,82,100,140,110
130,112,96,84,117,102,114,97,115,120,113,127,116,113,103,115,137,229,354,560
205,189,195,162,238,196,213,220,142,192,227,186,165,194,161,196,207,270,282,332
181,195,165,149,196,158,150,191,140,206,194,168,170,161,124,166,206,206,277,252
153,149,134,132,139,149,148,167,105,159,149,130,116,121,106,132,160,148,184,133
111,98,96,87,123,105,111,125,74,105,117,79,71,101,77,68,111,141,151,194
117,142,112,104,117,122,135,133,104,138,165,112,118,94,143,149,140,184,208,207
450,479,453,409,439,413,454,441,381,479,497,436,396,408,369,471,615,694,858,967
210,299,396,278,245,280,289,316,236,229,272,356,320,402,261,268,247,228,124,134
116,139,194,119,105,141,150,127,124,143,165,161,167,179,131,131,135,102,13,6
657,757,626,519,609,553,604,648,554,720,609,564,656,612,588,723,936,1196,1881,2707
900,1100,858,735,797,733,748,925,742,973,919,835,998,767,808,987,1375,1717,2919,4466
187,143,213,134,165,172,105,204,159,151,153,155,132,149,151,177,170,195,262,231
205,244,185,165,217,209,194,213,162,271,251,206,226,199,197,215,324,485,761,935
10,8,13,3,17,6,7,14,12,7,8,8,5,10,14,10,15,20,12,10
24,27,62,32,51,61,41,43,41,51,33,45,26,34,24,19,15,65,16,15
33,27,23,22,25,31,30,43,15,41,13,28,20,15,15,27,26,53,49,48
73,66,58,46,65,80,48,70,62,42,66,66,38,43,89,52,47,58,46,37
146,128,134,101,114,121,147,135,116,138,169,128,125,127,133,123,161,165,172,257
90,131,68,52,69,57,51,57,73,71,48,49,50,40,24,37,58,86,73,62
33,54,18,24,14,18,8,15,34,18,18,12,20,10,2,5,16,22,20,12
49,39,58,44,60,76,46,42,33,61,43,49,38,35,13,33,27,83,52,56
116,94,108,92,119,112,99,116,87,91,84,94,76,100,101,96,97,147,157,181
20,15,23,11,14,22,15,22,17,18,15,10,20,11,8,14,12,34,27,21
119,116,90,65,101,136,118,102,69,150,164,102,124,119,109,108,188,218,385,313
123,115,118,93,109,117,123,105,136,138,139,120,110,119,100,143,172,196,296,382
164,121,148,148,152,152,146,150,150,162,138,153,180,161,188,168,216,307,439,446
439,176,172,262,350,260,206,237,210,310,228,130,218,255,117,435,329,506,341,491
138,122,121,105,120,126,127,164,112,151,140,135,120,126,132,133,210,264,366,378
1191,1391,1238,993,1117,1033,1145,1191,984,1219,1196,1112,1090,1040,950,1035,1435,1777,2044,2454
28937,29842,29068,23900,26703,25631,28093,30771,26444,33644,30073,29363,29944,30297,28918,33201,43538,60240,93168,128464
714,846,650,594,614,576,664,757,598,751,709,665,687,594,622,623,1085,1243,1632,2064
203,170,173,139,168,145,156,180,160,155,183,175,159,160,169,171,207,264,329,347
6055,6856,5619,4965,5552,5136,5804,6298,5764,7089,6099,6486,6438,5750,6022,6692,9710,12852,21769,31074
1794,2007,1739,1429,1451,1500,1573,1694,1532,1895,1787,1677,1900,1731,1719,1847,2645,3385,5571,7553
34,35,31,24,39,35,27,35,16,43,42,27,37,28,21,32,35,52,61,58
50,27,38,26,34,42,20,24,26,31,30,37,21,35,26,23,25,39,43,16
273,359,305,258,296,296,296,307,223,395,329,335,321,293,241,286,362,513,617,675
110,92,95,74,83,83,80,86,54,101,108,90,75,82,59,69,110,124,102,141
168,160,152,124,137,151,102,129,102,176,140,142,130,131,92,121,179,237,230,210
106,126,105,99,89,86,105,116,86,109,110,116,112,84,68,100,146,178,224,192
4,1,1,0,1,0,0,1,2,2,1,84,84,2,0,0,0,4,2,0
222,181,288,126,132,273,293,194,245,343,410,227,300,299,283,248,316,222,16,10
455,420,432,369,389,361,480,430,401,425,394,394,379,336,380,457,488,627,977,1239
766,779,703,584,679,692,704,782,610,841,748,693,770,661,671,826,1108,1568,2323,3108
1314,1307,1268,1062,1139,1118,1209,1262,1072,1352,1231,1191,1168,1060,1127,1319,1597,2088,3331,4272
129,118,126,127,119,104,133,131,129,153,145,113,115,125,103,119,169,218,331,358
268,295,231,186,276,260,311,307,270,263,322,284,322,297,250,278,311,404,385,362
220,232,227,184,201,167,214,176,155,227,238,161,178,175,142,192,249,297,363,295
131,122,171,162,114,125,115,134,144,177,157,151,155,106,203,204,265,404,867,1301
1872,1745,2041,1575,1751,1692,1906,1983,1839,2106,1760,1808,1657,1744,1836,2101,2452,3458,5586,7490
118,155,131,87,103,119,127,139,133,158,122,159,151,133,162,201,283,415,828,1206
33,40,51,110,35,76,15,126,28,122,55,24,68,199,60,175,94,619,842,245
47,37,41,29,37,29,28,42,45,56,46,57,43,51,38,54,75,117,163,238
134,151,144,130,136,120,113,171,140,157,128,181,156,144,182,188,261,367,594,1063
146,193,171,128,131,177,160,216,165,245,157,219,220,237,225,245,339,541,916,1574
246,250,299,211,261,258,288,253,250,300,312,233,251,279,231,258,303,371,408,483
58,44,29,92,57,112,40,8,87,70,56,91,71,57,73,28,68,15,8,13
56,51,57,55,42,56,48,57,42,66,46,56,65,64,59,51,77,146,228,303
2,20,24,2,15,15,3,4,4,2,3,21,2,23,38,4,19,17,5,24
47,50,44,38,46,42,45,42,39,50,42,45,49,40,41,41,77,105,125,127
408,434,443,343,431,411,459,456,401,506,495,451,459,463,409,424,557,612,643,736
103,92,124,97,97,95,105,147,118,109,132,106,121,133,112,116,172,246,357,327
67,63,49,62,50,46,58,75,53,82,76,50,43,57,67,58,75,127,134,189
48,38,42,28,50,42,48,58,37,48,40,35,55,48,42,57,64,115,155,145
108,115,112,99,109,84,102,109,102,117,124,118,112,114,91,115,166,220,370,414
127,165,150,112,117,158,131,205,145,225,156,184,224,210,208,219,310,469,728,1267
1960,2037,2195,1699,1961,1867,2022,2166,1972,2430,2268,2008,2087,2169,2144,2545,3140,4170,6211,8488
393,420,395,291,347,359,385,360,310,445,413,403,391,341,321,358,451,559,610,679
152,262,183,115,135,138,176,157,147,174,157,141,131,148,129,171,246,255,310,443
82,68,107,56,73,65,73,88,70,93,78,78,98,102,79,109,119,148,202,311
135,30,32,67,114,74,45,49,49,68,52,5,46,59,8,142,70,97,9,4
151,218,301,228,203,203,219,237,184,167,210,304,265,313,202,206,205,163,43,53
238,257,226,202,212,236,194,253,219,236,258,244,279,239,284,300,456,645,987,1538
246,279,243,214,225,218,224,248,214,304,260,277,301,280,279,258,394,544,893,1209
89,100,121,64,88,82,79,104,72,87,69,79,112,83,81,120,129,174,252,281
154,170,131,131,131,126,108,160,143,210,147,138,166,190,150,171,226,443,644,762
8,18,38,9,21,22,13,11,4,5,11,27,7,27,40,4,17,20,8,25
126,106,127,102,115,121,133,113,115,128,166,135,126,146,117,114,172,162,146,142
27,24,33,37,18,22,29,36,28,33,24,29,33,41,27,38,58,87,111,144
32,22,16,21,30,15,18,24,12,28,24,15,22,22,32,29,35,66,54,27
137,131,137,99,127,141,111,116,82,119,107,99,100,88,100,71,111,124,125,136
9,10,11,10,13,10,5,7,9,16,8,4,9,15,12,13,18,33,24,20
6,13,7,6,1,3,4,11,4,3,5,11,2,4,2,3,0,13,9,12
230,270,214,190,233,219,214,238,192,248,223,201,196,213,191,204,278,337,476,689
70,82,78,84,72,81,113,87,61,104,94,98,77,87,65,76,91,136,139,156
189,181,168,133,185,170,151,175,143,207,185,165,200,180,179,187,248,379,581,701
581,600,529,471,585,504,589,615,545,623,568,595,611,496,602,657,867,993,1603,1961
208,291,189,178,237,211,280,246,222,238,270,250,275,216,223,250,327,274,319,250
227,214,175,175,159,178,162,201,176,244,179,187,213,199,144,214,273,426,483,687
144,120,185,83,84,177,198,129,169,227,283,144,197,198,184,167,229,159,12,7
101,93,84,78,84,82,102,90,85,98,103,74,101,90,93,121,127,222,421,633
119,24,26,61,98,64,43,45,42,62,45,7,43,56,9,127,59,90,15,11
85,107,90,85,86,80,93,84,83,113,123,85,103,91,87,98,159,229,268,361
51,36,56,47,42,38,58,38,44,59,33,44,44,44,45,51,48,82,111,170
143,150,129,114,137,114,129,147,162,153,135,185,196,152,139,174,248,319,634,1014
122,119,115,119,116,101,112,133,112,123,124,116,133,116,117,151,168,234,370,492
1120,1462,1131,881,1047,1081,1165,1284,1163,1291,1190,1288,1325,1167,1277,1402,1947,2734,4879,7213
121,92,108,73,99,77,99,92,115,71,66,81,68,71,78,81,80,137,231,273
124,177,113,89,102,105,130,118,122,105,98,105,121,99,90,116,178,213,325,548
210,268,250,203,226,207,236,257,281,271,240,268,285,270,299,329,434,648,1158,1628
139,195,276,211,185,185,208,232,173,151,197,267,241,295,186,186,190,149,23,26
118,128,101,80,127,88,146,130,92,124,112,117,111,101,85,100,158,196,247,267
69,100,76,57,122,92,79,121,78,97,114,118,90,125,146,176,195,437,588,1235
96,93,84,65,88,99,73,77,54,131,104,105,86,74,98,87,135,129,234,216
87,96,102,73,105,91,81,108,77,95,113,84,72,84,66,90,140,140,196,236
128,128,80,83,99,111,104,112,94,143,121,94,117,110,84,107,159,219,334,374
533,527,430,381,538,462,491,476,438,591,566,487,485,346,303,409,587,648,773,691
83,61,53,46,60,56,81,74,67,84,89,60,78,84,60,73,91,124,210,242
236,283,210,197,237,227,242,270,181,239,257,238,239,259,222,239,372,462,525,649
54,69,50,55,69,99,72,43,47,88,59,66,53,59,41,48,62,70,83,51
135,92,130,98,105,101,128,105,107,109,128,83,97,94,117,113,119,202,330,428
320,329,272,249,252,258,284,299,238,345,355,263,304,292,287,276,436,551,658,713
34,32,43,25,36,28,22,35,36,40,36,27,30,30,28,23,54,56,66,57
262,285,290,225,228,240,254,280,225,283,270,289,242,259,256,315,364,505,821,1165
131,61,56,76,111,76,70,76,65,78,80,46,64,73,41,140,109,137,106,160
124,96,110,116,113,98,125,131,72,108,107,133,99,150,76,89,113,127,146,95
135,113,119,82,81,98,112,125,172,161,91,125,122,210,149,182,304,551,1196,1449
118,136,113,124,108,113,132,120,119,129,141,162,127,111,145,156,250,314,592,775
158,183,145,113,115,130,153,136,122,165,147,142,158,117,136,162,210,258,435,555
2540,2749,2562,2150,2391,2322,2502,2731,2353,2874,2540,2651,2454,2487,2540,2831,3746,4992,8232,11503
630,583,588,462,545,546,562,626,503,620,578,602,556,535,552,631,785,1014,1567,2209
2696,2735,2518,2158,2414,2137,2572,2526,2255,2702,2616,2426,2451,2260,2240,2663,3506,4311,6847,8879
224,213,219,163,218,203,210,227,182,239,244,197,204,174,176,220,305,337,474,594
573,571,545,487,552,488,587,572,480,601,568,514,490,496,487,561,706,844,1310,1586
1673,1741,1539,1293,1557,1439,1611,1767,1455,1700,1623,1638,1544,1468,1480,1755,2294,2969,4599,6383
219,208,175,152,196,227,191,206,146,272,248,179,216,181,201,193,280,352,537,471
55,44,46,65,74,36,71,54,60,59,73,69,44,76,39,46,65,83,75,56
146,120,186,84,84,180,199,130,171,227,283,145,197,199,185,167,230,161,12,8
146,123,188,86,85,181,203,132,171,228,284,147,198,201,186,173,236,167,27,23
488,184,208,269,403,298,240,240,219,312,257,136,219,262,118,452,344,473,322,380
21,13,20,19,21,25,32,24,16,23,28,26,33,30,24,36,43,68,79,55
37,23,63,23,55,50,30,56,42,45,44,41,51,31,25,34,45,38,35,27
105,86,104,81,88,84,106,84,76,114,87,94,87,105,111,93,121,190,320,423
130,125,107,97,131,93,119,86,96,132,119,111,107,86,92,108,133,141,241,293
341,313,331,257,310,324,306,289,214,350,317,293,258,261,246,253,329,384,440,427
130,245,154,154,140,136,116,161,130,213,155,227,211,172,158,157,248,372,585,1081
8,15,17,11,8,10,9,15,14,12,15,19,13,16,6,8,8,15,13,4
134,203,130,139,150,141,121,141,124,164,134,167,162,152,163,154,190,231,430,586
196,168,178,173,172,166,189,218,176,193,208,159,155,193,148,169,198,246,287,351
179,181,126,111,150,157,111,99,89,211,169,158,146,111,95,110,187,184,270,267
53,66,47,34,46,57,64,79,57,49,63,68,51,70,50,59,113,118,144,157
268,268,287,236,280,219,269,259,245,283,208,247,198,241,238,272,346,431,844,1086
221,224,195,198,228,226,219,231,191,288,240,239,246,218,220,258,318,452,816,1111
283,222,307,183,271,217,300,259,289,267,229,230,217,205,235,259,318,449,732,975
109,132,115,99,92,92,105,108,69,124,100,98,133,88,126,115,167,154,226,208
85,77,93,82,80,81,74,110,130,113,72,86,88,109,123,132,212,276,639,1193
202,256,201,177,184,193,196,230,221,243,213,204,230,223,232,250,369,460,842,1168
50,75,51,61,72,46,40,60,39,54,66,64,62,39,73,83,105,102,201,282
149,182,242,151,134,195,201,162,178,206,246,202,236,238,189,193,193,151,34,23
401,483,419,342,401,369,384,449,350,490,444,434,394,402,396,415,559,721,1217,1517
88,102,101,74,76,79,73,74,54,92,86,82,73,90,78,82,117,140,190,234
297,305,240,233,291,233,336,313,258,317,292,275,275,276,260,318,401,433,691,808
748,936,733,545,682,749,703,831,731,808,815,824,809,753,835,854,1207,1529,2798,4048
31,47,29,42,33,31,39,42,21,44,37,44,39,44,35,37,40,55,91,131
60,92,77,54,57,55,79,99,58,80,81,91,95,63,74,59,113,133,186,179
86,95,104,71,71,65,75,95,104,121,94,106,102,98,100,116,222,310,649,896
17,28,27,14,16,13,23,26,17,24,30,26,14,25,14,20,35,50,33,61
332,284,354,269,321,287,343,320,312,351,292,328,287,305,302,333,410,602,953,1421
116,140,132,119,124,124,133,153,119,176,143,144,161,136,162,195,221,338,603,939
387,394,453,293,381,331,351,421,358,476,482,422,400,421,466,462,594,844,1403,2056
134,172,138,129,149,137,165,184,137,189,164,173,160,154,157,225,240,326,584,769
112,115,98,103,114,98,114,126,101,129,110,84,95,89,97,106,136,154,220,252
3159,3472,2980,2686,3019,2784,3097,3517,2888,3499,3350,3296,3272,3123,3213,3604,4496,5895,9548,13062
127,166,180,114,97,149,167,153,131,152,187,165,178,190,153,171,206,142,107,101
57,58,35,34,44,46,28,49,43,67,42,45,47,39,36,44,61,105,93,100
47,49,67,43,36,58,51,54,61,53,39,37,46,54,46,48,56,95,147,153
258,245,224,192,196,211,238,230,205,255,229,241,266,215,210,239,319,398,655,733
200,150,255,101,101,251,275,175,227,325,398,201,274,275,249,223,298,199,2,1
255,207,278,186,213,219,258,232,228,274,217,216,217,206,234,240,317,427,682,920
68,51,40,46,26,37,78,44,41,45,44,70,46,29,28,42,109,51,44,8
170,157,189,155,164,143,197,173,167,197,157,148,142,156,162,215,221,297,495,623
137,115,185,116,113,134,145,138,131,171,154,132,128,176,155,179,221,331,529,653
160,182,153,123,171,163,140,153,118,219,193,172,163,124,93,140,203,259,307,312
177,171,160,163,165,161,184,210,155,215,199,207,194,214,197,217,257,444,613,936
231,185,203,148,163,178,212,186,136,172,183,162,152,181,160,170,221,242,329,396
203,194,211,159,211,166,221,195,207,190,169,166,140,172,187,205,227,308,549,799
215,214,200,163,186,146,205,200,276,230,237,203,195,195,214,250,295,474,771,1084
469,413,474,387,459,388,533,456,465,467,458,444,416,417,380,424,492,689,878,1008
83,74,78,44,63,76,87,66,74,98,91,83,91,85,81,79,88,80,54,37
122,121,140,129,138,139,104,172,123,158,137,168,163,164,150,248,225,342,632,701
226,207,178,184,196,175,233,206,196,226,197,181,183,174,181,198,257,256,382,495
235,308,208,193,231,227,231,245,215,265,276,270,245,242,228,245,366,449,733,1026
462,447,513,402,408,411,427,478,440,525,467,436,454,429,533,589,804,1081,1912,2605
55,65,69,78,84,73,106,49,96,85,83,53,55,71,60,95,121,93,114,119
573,779,541,412,515,593,575,640,594,621,656,665,682,607,670,705,965,1248,2324,3452
50,60,52,44,54,49,65,56,42,84,53,74,58,71,40,60,63,103,145,157
4854,5025,4644,3898,4425,4052,4692,4889,4134,5390,4983,4881,4713,4639,4469,5205,6768,8752,13157,17924
2617,2784,2731,2239,2480,2319,2646,2733,2333,3040,2730,2785,2661,2669,2571,2812,3617,4989,7206,9420
940,945,961,740,825,805,917,931,870,942,902,911,859,836,913,982,1226,1613,2621,3619
137,130,194,99,101,177,201,135,158,214,265,170,203,210,180,171,201,153,13,5
156,162,144,133,130,140,159,160,131,155,151,151,170,135,157,164,217,288,468,608
119,104,104,102,107,93,115,89,94,115,94,100,136,79,94,184,165,216,368,483
218,229,229,198,208,187,227,238,239,264,226,268,201,274,266,298,416,687,1251,1904
215,290,243,196,204,204,237,238,256,301,224,257,261,294,243,287,493,628,1209,1705
101,118,123,98,117,99,114,113,85,113,122,104,116,87,102,132,172,191,242,271
350,365,359,297,381,300,390,420,367,430,439,373,367,360,358,480,582,719,1085,1506
78,48,60,60,50,47,46,59,62,58,75,58,59,64,49,65,81,110,141,160
49,58,54,47,44,49,45,51,49,66,59,57,47,34,30,46,75,90,100,76
113,85,159,94,106,105,128,132,112,147,119,96,78,89,88,95,98,150,246,298
268,315,249,246,229,211,270,304,270,291,272,278,296,256,271,291,457,553,948,1335
134,140,116,113,139,120,115,137,100,128,134,126,117,113,107,111,156,214,281,336
182,167,150,167,179,154,182,165,136,175,161,159,152,157,144,131,189,185,227,193
968,858,1124,726,978,813,1037,1054,977,1147,967,927,939,1061,942,1147,1208,1835,2700,3333
247,233,240,179,234,207,243,253,216,286,262,230,211,218,199,213,313,385,445,542
452,598,423,317,401,479,458,528,460,493,526,515,540,468,551,564,755,1048,1910,2829
1124,1037,1216,927,1052,952,1102,1186,1096,1241,1101,1101,1143,1129,1144,1314,1449,2128,3044,3882
813,859,751,585,752,698,704,757,615,758,750,716,633,616,612,675,961,1017,1551,1828
1390,1447,1390,1232,1223,1243,1346,1436,1185,1533,1395,1410,1357,1242,1321,1446,1927,2486,3732,4793
1907,2146,1731,1432,1663,1537,1877,1923,1538,2029,1865,1776,1793,1754,1622,1854,2685,3560,5538,7622
30,33,27,28,29,23,32,33,23,24,18,26,21,27,15,16,24,19,22,11
53,57,60,30,34,36,37,46,40,38,25,27,57,33,37,47,56,79,124,146
96,112,118,73,87,91,90,90,76,98,86,71,112,92,91,123,146,164,252,265
323,282,310,262,285,288,324,317,246,328,308,285,240,316,249,241,371,505,673,957
4156,4536,5541,4022,4451,4141,4362,6208,4349,5793,6197,4893,5924,6823,5039,8085,8277,8962,11764,15958
358,262,246,276,308,261,272,248,226,290,243,247,259,201,165,208,261,213,338,260
415,461,367,354,411,333,468,431,390,428,436,442,472,395,331,415,485,489,650,488
153,138,157,111,147,92,151,145,147,146,114,137,110,115,132,149,172,295,479,724
2326,2349,2485,1886,2059,2006,2328,2350,2087,2572,2495,2430,2220,2136,2356,2557,3339,4803,7926,11476
500,560,575,466,517,499,562,548,512,609,555,523,490,535,524,587,714,1039,1631,2167
809,809,825,627,709,727,752,832,745,856,782,777,757,680,878,913,1196,1598,2733,3761
44,54,44,29,75,61,56,53,35,63,42,62,55,50,24,29,50,46,38,22
79,74,108,53,53,97,103,67,86,115,133,80,106,104,99,93,105,73,9,4
168,138,137,94,114,117,117,131,153,155,112,133,150,191,141,167,276,423,763,1076
208,250,232,156,223,195,193,219,187,244,235,216,196,216,174,184,278,338,421,603
234,279,187,176,186,163,263,250,182,253,270,251,262,168,164,183,292,359,490,468
214,196,185,163,164,206,195,206,160,238,178,187,221,213,213,241,350,419,620,831
67,38,25,42,49,49,40,47,33,47,52,51,36,45,31,34,41,46,48,27
97,96,95,83,81,90,57,92,76,130,92,103,95,112,77,86,152,224,338,379
81,109,94,68,79,72,72,75,80,86,76,91,79,81,73,88,121,181,318,447
311,322,349,249,308,293,307,316,303,334,286,243,265,276,293,329,399,529,925,1336
70,57,64,40,85,62,57,79,55,92,67,83,62,56,56,61,85,121,137,183
163,212,137,147,158,160,143,147,120,222,197,177,170,125,127,142,221,258,364,502
177,147,116,161,171,125,171,149,99,138,171,140,93,119,118,155,182,244,300,387
61,33,36,37,48,44,31,39,34,34,51,41,25,39,26,31,43,41,66,33
830,1214,798,780,753,651,929,945,717,990,872,915,896,755,692,735,1314,1494,2051,2470
74,60,73,60,70,78,84,81,71,88,78,81,49,80,60,74,111,123,230,229
116,132,135,134,120,115,125,139,115,147,134,138,133,131,116,140,194,214,353,436
264,323,270,224,223,246,258,298,214,276,305,292,290,266,288,248,417,454,639,865
221,160,215,159,173,169,192,180,190,210,174,198,170,182,222,187,258,372,547,780
1029,1383,975,798,918,1023,998,1217,1050,1165,1157,1156,1215,1081,1168,1265,1735,2373,4188,6365
688,839,661,556,655,658,639,814,678,793,778,752,741,703,721,787,1088,1478,2483,3510
375,378,377,295,301,297,333,380,330,382,360,333,335,353,338,379,541,747,1214,1651
22,19,34,21,18,23,25,30,27,22,8,20,13,28,20,24,15,48,57,56
270,295,261,225,253,238,275,275,220,297,243,250,266,218,208,310,358,418,617,779
205,303,233,181,191,178,195,238,224,272,246,262,254,248,222,278,388,517,922,1453
25,37,33,38,21,22,27,36,20,45,32,26,41,53,42,41,49,116,163,146
46,75,80,75,48,55,49,85,64,114,74,72,88,97,95,100,117,266,458,672
136,116,115,99,132,108,137,149,114,157,127,144,112,132,128,164,209,240,411,443
440,607,433,313,399,469,443,524,449,485,513,508,527,458,537,551,736,999,1869,2689
220,234,211,174,211,204,213,236,230,277,209,245,199,228,205,222,358,404,749,974
70,89,77,55,66,64,64,66,66,71,60,55,81,72,58,82,102,128,166,185
23,9,11,12,9,7,18,17,17,8,6,16,9,16,9,18,16,27,29,32
893,949,816,802,877,743,908,1003,842,1050,952,783,791,870,828,887,1329,1492,2297,3032
286,266,237,200,277,160,238,284,254,316,279,266,280,238,251,280,403,504,629,793
73,73,79,63,76,71,77,96,92,109,81,109,75,118,156,161,195,346,678,1121
27,38,23,17,33,22,24,20,23,41,29,18,31,23,20,33,37,71,62,65
126,34,34,65,111,72,44,47,48,69,54,8,45,56,7,130,71,95,11,15
213,167,227,178,206,152,211,236,149,222,206,196,174,226,183,237,280,351,585,873
297,260,367,256,266,280,313,306,313,342,289,308,279,278,303,347,387,525,865,1194
83,82,87,79,72,69,88,95,81,107,92,83,76,76,95,124,136,208,311,439
102,130,92,85,104,88,101,104,69,117,102,94,122,94,115,107,175,240,396,568
247,236,354,235,239,282,298,278,260,316,252,286,244,230,270,310,344,477,680,868
144,166,139,125,129,130,159,159,136,164,128,174,128,117,110,131,226,267,356,388
31,46,48,38,38,31,24,36,38,48,42,38,48,48,36,48,74,88,148,159
54,56,39,33,46,52,21,39,40,68,45,38,45,30,28,42,56,91,103,103
508,484,466,395,431,415,473,417,381,480,479,416,414,365,354,416,587,649,847,1076
540,647,523,444,525,522,511,589,520,599,570,605,537,511,535,588,787,992,1703,2395
334,288,376,278,341,307,335,380,331,375,372,345,318,365,382,388,492,779,1226,1876
