465,326,276,251,247,145,217,245,186,216,169,184,199,180,232,160,226,259,267,318
369,199,203,207,153,104,146,163,151,131,95,110,101,129,114,139,154,181,164,216
48,40,30,40,27,31,25,39,26,23,28,16,22,31,21,35,32,26,30,36
3451,2780,2321,2639,1850,1937,1887,2178,1468,1785,1783,1639,2215,1723,1525,1852,1735,1833,2180,2701
2194,1322,1169,1204,893,776,955,905,788,827,826,755,775,675,835,905,844,925,970,1072
620,297,321,331,198,173,233,193,159,126,220,159,186,141,147,219,196,177,202,239
1195,632,472,500,412,288,322,325,290,310,302,275,281,250,256,262,281,354,330,389
259,197,162,177,143,105,139,120,110,110,146,148,123,121,121,151,109,110,127,146
783,439,387,319,282,210,263,237,239,234,235,220,214,155,208,194,217,254,241,229
222,134,122,150,107,111,107,82,56,91,87,75,105,79,88,114,63,83,80,131
386,285,253,294,178,173,190,160,148,136,145,164,177,163,126,179,124,173,187,202
2029,1104,919,895,576,451,664,581,625,466,636,517,590,530,397,656,559,566,599,781
1116,481,507,535,514,280,378,292,247,255,312,203,318,257,239,317,273,330,393,380
2206,1146,1048,1047,1045,630,735,672,563,633,743,557,651,547,579,680,615,665,813,813
1720,774,739,764,836,420,474,401,332,407,527,320,436,370,377,461,387,457,601,567
992,536,410,503,345,238,278,315,265,241,259,220,270,227,227,215,265,302,266,370
3534,1843,1494,1442,1142,863,972,1036,812,906,959,748,819,806,787,781,874,1062,981,1147
2059,1156,958,1021,863,625,720,749,565,650,663,607,659,558,595,650,653,773,827,861
3637,1922,1260,1259,836,761,961,763,706,876,746,673,687,683,508,712,661,828,883,849
5631,3117,2536,2604,2087,1468,1903,1867,1663,1891,1554,1592,1685,1579,1567,1675,1831,2100,1931,2397
661,417,322,315,285,196,258,271,225,221,229,183,228,195,194,213,233,265,258,307
511,271,238,257,198,139,188,176,146,163,162,126,166,141,132,126,164,180,153,214
824,466,367,395,281,237,283,275,212,244,245,231,227,207,217,242,212,249,241,298
494,288,245,266,213,162,173,178,134,160,156,150,146,122,128,163,148,163,191,221
1557,988,813,937,815,570,634,655,521,513,647,578,587,532,531,667,508,581,668,727
1595,841,696,741,503,462,504,486,425,478,445,395,398,350,368,413,395,379,551,537
98,108,88,142,80,69,63,59,67,74,61,61,58,52,90,64,96,107,78,85
2142,1082,888,931,675,515,610,636,509,549,564,452,503,471,491,486,572,576,583,706
530,340,291,334,266,207,240,251,225,229,267,242,279,208,187,254,260,266,323,321
649,482,415,407,372,305,268,324,290,302,321,292,357,247,281,283,344,401,396,456
736,532,513,479,434,366,320,360,285,350,346,315,430,325,323,353,407,447,468,479
190,167,156,167,129,130,140,161,135,125,146,139,162,123,133,139,141,149,163,117
237,200,165,193,165,150,124,132,134,165,135,121,169,118,111,149,146,153,145,174
176,131,105,141,123,90,97,112,98,84,91,104,111,97,80,100,99,102,116,100
262,207,202,226,186,166,190,217,197,177,209,206,211,161,159,207,206,178,211,192
318,252,199,212,170,143,120,161,122,145,142,150,178,122,135,160,170,188,209,183
961,600,496,719,464,419,437,435,428,358,427,400,467,346,344,436,495,445,482,544
8709,6258,5298,5947,4979,3965,4696,4524,4268,4191,4342,4166,4865,3817,3790,4673,5030,4672,5351,5521
66,77,59,49,53,31,38,70,56,53,35,21,51,22,46,19,49,52,58,28
383,290,229,247,223,165,195,162,159,145,150,151,196,151,214,171,215,223,168,239
6499,4956,4190,4697,3942,3355,3785,3668,3443,3311,3435,3298,3836,3079,3144,3603,3952,3676,4235,4385
2323,1834,1450,1850,1581,1392,1451,1406,1368,1362,1428,1381,1581,1174,1243,1621,1681,1392,1672,1620
32,55,38,67,79,58,88,60,96,52,76,76,68,54,51,85,106,58,102,64
61966,36232,30674,32703,24694,20568,23757,23259,19919,21912,22440,19876,21542,18895,18524,20720,21260,23717,25050,26745
2443,1455,1299,1311,1255,798,927,922,771,818,857,687,860,743,750,816,890,898,1115,1075
272,204,186,193,166,108,118,130,108,132,111,110,115,105,116,140,148,168,155,183
103,111,83,112,67,73,72,79,49,69,73,62,63,68,50,63,80,85,79,94
1859,1034,866,837,800,514,599,559,527,555,603,424,563,451,461,487,526,549,752,694
53684,29894,24571,24960,19324,14566,17445,16812,14851,16075,16157,13727,14882,13444,14305,14766,16069,17480,18674,20002
475,235,155,199,161,101,126,130,104,114,97,86,95,91,108,101,109,126,118,130
2493,1586,1351,1374,1272,845,1089,1035,975,973,933,951,976,989,1020,1008,1089,1335,1224,1462
1472,811,616,553,570,351,476,342,346,455,407,319,375,274,301,355,381,376,381,413
366,228,167,191,136,126,137,108,117,81,100,77,100,90,111,89,126,98,119,107
3563,1871,1487,1102,898,766,748,803,752,889,845,574,555,506,746,585,601,757,887,667
1070,572,414,324,240,200,220,216,177,272,217,149,127,137,184,134,146,186,237,140
1949,981,783,876,671,407,558,499,440,505,500,361,484,403,414,406,437,538,522,597
775,368,320,308,159,145,198,182,136,171,176,118,117,121,124,115,125,144,152,171
850,460,390,346,307,235,265,284,247,282,243,234,245,242,232,260,272,308,298,389
301,170,167,178,156,108,131,153,112,120,106,100,123,117,111,117,127,145,128,149
15764,8318,6953,6994,4926,3651,4891,4576,3810,4285,4316,3528,3791,3389,3633,3769,4007,4471,4502,5233
42215,26112,22731,24731,18599,15016,16905,17107,14564,15474,16053,14647,16471,13843,14079,16488,16878,17680,19222,21279
11147,7555,5617,6965,4951,4206,5004,4679,3808,4199,4421,4161,4775,4041,3322,4498,4731,4834,5541,6344
2147,1550,1374,1430,1207,1057,1089,1133,1034,1020,1007,968,1084,963,945,1087,1090,1132,1226,1389
2608,2261,1198,1886,1271,1051,1378,1170,774,942,1181,1003,1236,1120,584,1160,1234,1263,1526,1535
264,482,65,300,132,248,101,209,77,132,264,97,151,168,54,182,205,210,177,127
440,320,241,318,212,215,219,229,176,182,227,176,223,189,175,197,245,215,266,306
3671,2134,1677,2083,1306,1190,1481,1324,1087,1113,1269,1253,1413,1119,906,1237,1419,1388,1576,2082
235,235,110,172,137,71,161,89,42,57,87,92,105,114,21,100,87,124,160,131
579,530,257,392,307,156,365,185,98,141,199,194,229,256,50,227,199,269,345,295
326,297,137,214,192,84,219,125,87,88,116,127,133,143,22,139,133,159,207,167
1400,1053,857,1047,811,704,678,804,565,645,639,632,769,621,597,725,682,722,877,1023
2005,1481,1351,1421,1118,957,1015,1138,900,1054,1000,912,1149,954,905,1016,986,1005,1384,1553
2225,1773,1422,1648,1395,1235,1199,1415,1107,1095,1235,1228,1318,1127,1128,1309,1258,1325,1560,1674
1985,1491,1236,1325,1092,945,896,1046,797,791,925,852,1089,861,855,1019,990,1028,1302,1344
1226,837,697,742,579,518,513,557,439,450,514,456,599,478,444,518,527,533,701,704
299,206,172,188,143,131,130,160,108,129,152,126,142,125,106,139,132,145,164,183
145,100,71,87,66,65,65,78,47,62,65,62,70,60,30,50,62,59,86,103
1036,709,606,638,448,409,443,413,339,401,398,378,431,386,341,440,335,411,458,513
511,343,247,378,255,235,249,235,191,143,244,183,254,194,163,200,229,235,271,324
344,212,178,237,142,166,173,155,126,109,158,108,174,125,126,113,150,161,172,204
185,131,92,146,110,88,99,84,83,59,113,70,100,67,62,77,93,99,115,139
6323,4400,3701,4111,3004,2523,2990,2783,2389,2496,2483,2520,2971,2303,2235,2794,2655,2891,3218,3699
1133,948,766,967,775,631,759,819,687,620,628,655,889,637,700,678,828,757,846,953
5193,4084,3454,3830,2972,2770,3028,2829,2426,2392,2550,2330,3164,2397,2221,2707,2511,2795,3142,3640
601,394,333,400,296,249,310,301,263,235,272,269,300,250,254,258,291,292,330,344
647,498,417,496,339,284,324,331,294,262,302,297,311,247,294,292,301,336,347,381
752,551,404,474,306,330,353,381,216,264,266,272,420,268,238,317,286,341,354,497
5725,4207,3407,4055,3003,2661,2757,3033,2267,2447,2610,2410,3027,2522,2379,2724,2689,2927,3322,3738
174,141,99,157,97,93,88,115,77,95,91,83,92,89,75,100,87,94,121,144
312,381,246,290,261,354,263,365,236,235,249,272,292,241,334,257,370,314,340,407
266,224,168,224,142,202,145,201,126,149,133,127,188,168,119,156,143,145,160,240
840,698,553,647,531,454,452,541,363,439,440,408,510,407,399,470,420,436,559,629
682,453,377,427,336,258,292,301,226,252,268,260,286,248,209,276,298,311,373,384
7181,4504,3793,3959,3347,2389,2814,2829,2349,2532,2905,2764,2594,2327,2257,2828,2347,2580,2779,3189
1993,1419,1193,1190,1071,744,894,851,740,813,930,940,787,745,691,947,651,732,839,1043
1400,913,734,846,742,507,527,581,443,524,589,510,548,497,493,567,520,564,636,660
1911,1156,968,1077,952,651,717,714,575,621,728,681,689,598,619,691,620,687,805,847
60830,36793,31966,34415,25670,21055,23872,23562,19411,21169,22517,20077,22666,19148,19044,22570,22054,24179,26491,29313
159,188,211,267,204,220,241,272,272,217,263,280,218,219,229,270,328,192,311,215
673,337,266,269,136,97,149,174,178,103,177,108,135,128,90,210,135,157,130,170
1458,832,767,833,479,390,504,454,333,384,404,372,359,278,362,407,350,454,435,478
1025,554,506,528,347,258,327,305,257,299,267,252,253,209,252,297,266,325,323,340
2371,1690,1628,1707,1385,1122,1070,1344,960,1182,1149,1064,1351,1129,1080,1226,1232,1457,1545,1638
238,179,143,198,126,146,137,182,102,151,135,117,168,116,105,131,109,123,103,153
631,372,271,358,295,184,235,218,160,193,281,187,226,190,205,278,197,221,265,316
4723,2917,2420,2651,2043,1499,1827,1947,1474,1667,1896,1681,1778,1471,1381,1897,1607,1827,1965,2409
306,212,193,215,175,136,133,164,118,133,127,122,140,130,131,154,138,140,148,159
805,487,430,395,389,247,333,312,244,257,295,254,276,223,250,301,268,296,329,371
686,440,373,428,374,247,299,325,253,264,285,269,307,254,259,301,268,290,328,356
349,302,271,311,200,180,168,217,147,211,181,171,247,178,244,186,219,333,252,235
893,679,637,620,521,432,411,502,375,420,475,443,536,414,372,488,473,546,609,592
18085,14325,12108,15174,12361,11219,10856,11395,10370,10221,10918,10594,12295,9436,9734,12359,12662,11569,13700,13647
2829,3029,2401,3661,3222,2883,3036,2838,3172,2567,3065,3072,3369,2419,2480,3428,3805,2663,3849,3147
29,69,35,54,30,36,13,51,11,28,19,63,37,11,49,57,76,28,32,30
466,376,353,381,346,329,244,357,278,268,286,301,340,294,285,330,326,351,399,409
704,421,348,340,276,217,238,270,255,258,257,255,277,234,195,233,288,296,327,387
338,261,243,225,216,194,158,195,136,183,194,145,222,147,186,175,199,260,248,253
694,596,529,540,482,425,367,515,366,346,357,422,478,360,398,428,397,461,602,596
1222,1016,897,988,833,770,675,753,681,720,707,651,861,697,720,811,827,887,905,982
304,215,204,228,195,136,138,164,144,153,133,139,172,159,144,181,174,203,191,236
703,550,446,516,414,357,314,352,313,330,326,321,375,285,319,321,393,455,424,479
526,394,360,432,342,332,260,317,263,272,274,273,285,282,315,311,341,326,350,408
7286,4845,4294,4373,3314,2606,2953,2951,2329,2892,2823,2769,3089,2370,2550,2895,2873,3414,3525,3851
968,768,616,700,520,499,536,605,393,521,517,400,552,480,445,501,472,465,452,547
713,490,393,447,349,292,337,363,284,315,331,249,356,258,248,326,284,293,281,394
962,752,703,794,638,584,485,601,416,485,550,505,618,536,522,640,637,746,751,747
85,105,77,86,83,101,49,68,75,92,65,65,117,116,97,100,103,93,108,113
711,581,456,534,465,375,363,488,256,419,416,378,445,369,329,388,384,416,476,519
307,167,151,143,129,62,93,61,73,92,87,57,88,54,75,57,54,80,72,116
333,287,260,235,223,224,155,201,161,184,239,208,251,178,193,267,213,216,217,253
1680,1068,930,811,705,598,626,632,531,704,617,617,622,536,497,660,615,680,732,900
137,92,81,88,102,64,51,61,54,72,61,46,95,40,77,62,77,95,68,108
757,754,606,785,786,588,668,604,737,570,566,634,803,508,619,823,816,666,832,678
366,281,265,350,253,193,185,233,194,202,167,168,208,200,233,220,243,248,292,260
252,220,202,196,181,150,139,167,127,127,117,132,181,131,125,144,186,163,191,211
2935,2318,1983,2223,1908,1572,1660,1763,1557,1599,1542,1536,1927,1478,1507,1788,1911,1817,2043,2270
2196,1698,1507,1625,1371,1233,1161,1370,1041,1131,1109,1018,1291,1102,1111,1253,1126,1252,1484,1563
1730,921,846,884,632,435,580,544,447,565,492,458,494,436,415,481,465,547,600,669
518,366,310,323,244,237,255,268,165,230,232,241,196,224,177,228,223,223,264,294
263,227,216,215,196,171,129,188,155,130,158,155,172,171,165,183,164,199,261,202
551,458,435,415,298,306,308,384,236,374,278,264,375,353,249,333,226,302,335,485
2251,1533,1495,1649,1233,1095,1037,1123,846,1060,1101,1082,1185,865,1026,1215,1191,1287,1231,1315
398,277,215,275,196,181,168,189,129,165,172,157,180,151,159,170,183,200,206,254
1430,749,587,543,403,301,370,358,347,378,390,291,282,254,337,284,292,331,373,365
1973,1404,1295,1283,1139,938,870,989,790,851,960,852,1149,907,839,931,1006,1220,1251,1322
2496,1496,1220,1317,1073,749,932,958,727,854,929,825,893,658,700,875,807,903,969,1188
24952,15334,13213,13914,10174,8051,9669,9499,7406,8770,8776,7981,9084,7387,7536,8542,8475,9632,10539,11723
4957,4740,3598,5218,3844,3745,3951,3500,3364,3098,3483,3381,4001,2920,2886,3841,3955,3498,4397,4312
961,604,514,509,402,317,367,355,302,399,362,349,349,284,278,400,330,377,413,505
979,812,679,827,647,583,565,630,518,559,540,534,616,503,496,613,684,641,714,834
1557,1166,1046,1185,920,875,800,928,764,813,816,806,954,808,743,895,958,917,1113,1225
584,467,353,413,326,296,278,280,272,274,276,273,286,244,264,315,323,347,345,448
136,136,79,97,80,67,63,78,64,62,44,57,61,52,87,64,87,123,69,128
2303,1220,1023,1118,876,632,736,758,666,733,720,574,693,610,638,661,726,838,872,902
268,157,185,168,133,114,106,124,112,106,129,101,148,109,117,123,122,157,159,139
143,112,111,129,108,82,87,112,81,66,75,67,84,74,74,82,83,97,124,113
411,292,276,269,167,129,190,166,108,155,126,145,196,188,177,129,193,258,324,316
3729,2084,1657,1903,1497,1094,1174,1168,1055,1087,1164,932,1088,1037,1070,1067,1198,1316,1397,1522
2297,1305,1023,1109,888,677,757,802,733,640,704,634,690,599,719,685,766,836,811,973
7406,3951,3310,3133,2481,1859,2008,2115,1975,2113,2126,1626,1756,1611,1846,1727,1819,2142,2432,2184
792,494,398,405,377,262,340,366,302,326,297,316,325,300,369,277,378,420,405,511
931,515,458,440,332,314,460,318,330,321,349,296,342,199,296,454,359,377,343,303
212,132,105,115,99,75,78,83,60,62,62,67,85,74,69,64,94,89,100,119
314,223,206,247,217,159,172,161,147,132,141,164,188,145,116,170,184,175,188,204
2065,1148,1195,1154,625,485,737,523,433,567,512,534,408,348,512,540,427,576,554,546
2030,1097,994,1176,637,459,685,579,430,503,501,483,433,304,480,504,445,554,549,630
402,237,218,209,178,138,145,163,139,119,162,144,182,151,102,138,123,179,200,172
678,412,412,346,303,225,259,288,260,228,280,244,305,225,221,260,247,271,313,331
930,646,668,669,557,452,430,509,408,414,478,416,498,390,457,466,470,527,570,582
1526,1114,1018,1067,851,729,685,796,610,721,733,737,909,760,631,791,808,896,1038,980
1939,1564,1352,1686,1271,1157,1049,1231,950,1106,1118,1108,1271,983,1066,1305,1410,1213,1359,1508
108,82,80,122,70,47,51,49,52,64,58,48,60,45,53,57,78,88,75,75
761,656,405,581,355,414,397,522,243,340,333,255,511,363,293,342,333,361,455,592
354,334,263,330,222,232,233,280,190,214,209,189,247,208,203,246,203,230,244,300
498,417,353,339,334,268,209,349,191,236,226,242,296,249,255,254,241,292,419,416
342,324,263,288,296,219,223,281,239,186,246,235,275,209,194,279,278,263,348,314
370,278,230,302,263,217,230,221,204,193,210,215,263,212,173,214,253,227,290,285
49,51,41,68,39,37,43,36,23,31,48,31,38,38,30,34,30,41,39,44
825,500,458,441,340,274,301,337,263,312,311,310,340,303,235,300,320,339,382,406
456,332,269,292,215,180,240,226,149,153,171,186,225,153,128,170,191,205,253,287
116,131,89,113,113,88,106,128,66,100,99,86,100,75,75,94,90,78,123,98
182,160,117,174,126,137,122,181,80,139,120,116,157,114,105,134,104,123,104,161
269,222,192,214,187,153,125,182,132,124,151,149,171,157,141,141,167,174,197,208
2082,1621,1419,1580,1292,1106,1085,1226,1022,1091,1132,1067,1268,1004,1066,1277,1290,1253,1395,1511
3280,2401,2071,2350,1932,1686,1746,1750,1689,1578,1782,1644,1742,1384,1572,1957,1980,1727,2156,2075
763,601,559,608,510,423,356,428,357,399,388,382,502,391,380,459,454,525,509,550
1986,1261,1069,1137,948,729,752,798,645,707,815,707,785,648,647,804,779,834,892,1013
88,87,80,105,86,61,67,73,70,103,73,69,152,120,88,64,61,77,103,111
727,547,486,574,421,402,396,412,376,351,401,383,427,350,333,397,367,407,515,550
473,479,467,379,433,385,278,468,227,264,238,292,456,278,353,303,298,324,560,523
1408,1185,1097,1042,960,871,809,967,799,819,846,795,958,793,840,876,872,918,979,1136
461,456,367,438,384,337,321,367,272,302,308,278,389,290,259,363,325,355,466,433
272,253,250,239,232,217,162,211,148,188,161,183,302,231,214,174,172,195,293,307
500,435,309,418,348,265,280,349,182,273,256,251,324,281,225,320,219,274,339,369
259,237,234,238,207,180,156,236,153,183,171,181,244,175,173,206,184,199,239,284
602,312,270,209,100,85,203,149,104,127,180,89,114,86,98,98,100,79,103,131
474,299,284,285,216,168,201,196,179,225,214,160,223,163,165,195,215,265,259,283
145,123,102,116,111,84,74,105,60,56,75,74,88,86,82,80,68,88,114,124
47,66,60,69,24,60,65,65,36,64,33,20,62,71,63,52,59,35,19,22
605,511,424,450,394,317,340,362,334,292,296,273,405,311,397,302,489,415,393,453
184,243,220,202,221,210,270,126,288,171,219,110,329,202,174,211,167,183,130,150
509,441,364,437,363,269,360,340,309,280,335,289,350,275,308,328,348,337,405,389
364,311,225,254,212,222,239,306,111,241,202,154,198,208,140,166,151,150,199,258
86,69,52,86,76,67,60,78,55,59,70,48,97,46,41,69,84,98,95,73
79,82,70,90,71,73,76,88,60,74,71,68,89,51,61,81,77,88,99,68
357,336,292,309,297,283,208,271,232,285,266,259,320,205,260,294,278,321,316,319
455,324,296,311,300,220,222,235,185,209,223,207,227,210,218,237,235,253,273,294
100,68,57,101,61,44,49,51,64,62,50,41,68,57,52,44,68,85,81,71
95,64,35,74,29,42,39,47,25,34,41,28,45,20,25,30,40,38,52,66
57,51,43,70,48,41,36,34,28,41,36,32,41,39,30,49,39,32,66,51
1408,1103,971,1103,888,716,737,790,680,685,736,707,884,691,644,832,749,826,976,996
326,206,206,179,152,124,126,157,107,98,142,103,133,119,121,128,113,139,147,165
379,203,163,216,145,128,130,126,109,115,121,97,117,120,99,158,121,131,161,152
461,330,294,344,239,188,256,242,230,250,261,198,265,211,194,247,231,204,229,255
707,427,298,327,279,188,222,272,198,201,231,164,173,204,171,210,248,226,269,259
274,211,186,196,173,167,141,177,104,158,145,148,158,135,134,164,155,165,190,224
39,35,29,40,45,32,28,39,24,36,23,29,37,28,32,27,53,41,38,58
669,511,467,519,440,344,373,431,325,380,399,382,440,329,377,420,401,384,416,510
998,787,620,688,604,445,428,572,409,403,470,445,554,405,420,529,475,520,704,684
808,547,434,439,401,311,318,348,245,293,306,256,337,286,243,289,283,278,412,478
302,201,188,183,149,132,123,132,102,120,139,114,174,114,97,131,152,172,170,183
3279,1942,1713,1744,1433,1085,1223,1175,1063,1109,1137,964,1118,999,959,1020,1071,1129,1432,1357
469,438,303,433,286,248,265,287,256,211,262,276,298,234,218,315,308,295,348,382
2736,2044,1802,1724,1513,1346,1382,1525,1239,1331,1327,1262,1393,1241,1188,1389,1348,1500,1646,1822
207,150,111,134,92,25,77,14,33,68,47,28,55,32,32,33,36,45,43,88
1794,784,555,505,267,178,353,403,245,289,289,183,197,174,171,187,225,233,219,299
667,431,371,386,349,276,251,314,216,283,330,282,288,252,225,321,291,366,334,403
86,98,98,87,75,76,39,77,47,79,89,82,78,59,68,89,120,69,68,111
191,165,143,149,124,101,130,140,101,115,125,105,139,106,107,123,99,107,96,125
71,57,63,68,54,44,40,51,27,45,45,32,49,49,45,44,50,49,59,52
191,192,164,197,135,149,150,155,115,126,125,118,172,137,113,137,131,158,183,193
1010,694,625,686,554,442,456,502,390,488,449,441,542,411,425,508,485,633,594,669
654,619,414,534,426,402,377,540,314,400,407,310,439,427,431,331,310,316,487,585
95,93,75,107,85,74,78,72,84,82,78,85,92,65,57,91,98,79,96,89
35,42,31,41,32,25,24,35,25,34,32,29,54,33,20,35,46,35,37,38
489,317,289,294,239,210,192,209,205,182,233,215,250,200,192,235,238,261,268,281
10119,6254,5380,5446,4398,3434,3975,3929,3395,3705,3622,3507,3786,3323,3279,3710,3908,4316,4380,5128
981,612,496,476,406,258,349,338,288,359,297,303,310,331,323,299,350,448,382,467
144,108,100,103,79,48,57,89,74,68,74,65,68,69,56,66,72,96,94,77
542,464,342,416,265,308,298,393,176,313,238,208,320,254,201,288,244,292,258,427
24,22,30,35,42,45,37,40,41,33,33,33,47,30,40,44,56,33,37,37
545,297,288,285,213,143,225,171,163,176,193,153,200,137,134,154,176,170,225,231
321,264,240,258,202,135,156,182,117,172,201,193,133,145,139,180,125,138,180,173
45,45,62,70,56,61,29,38,35,47,28,46,58,45,35,39,47,42,50,45
3352,2007,1760,1694,1301,1034,1284,1228,1056,1184,1191,1135,1218,1044,911,1179,1156,1280,1390,1659
416,238,180,186,170,142,159,159,129,161,169,146,123,145,131,144,174,182,225,215
661,374,358,295,218,177,170,169,193,156,155,125,99,118,164,121,119,146,192,133
550,286,232,224,171,110,174,124,136,150,130,100,113,90,103,104,112,140,112,156
264,268,171,237,186,152,197,168,144,158,158,159,177,134,111,161,161,175,230,228
1122,690,583,599,463,347,454,437,364,398,412,369,430,376,326,444,428,466,490,566
273,233,177,266,174,188,228,205,168,205,176,162,216,126,146,184,187,200,246,241
282,235,196,245,179,140,156,138,125,147,134,140,156,137,138,155,167,202,190,184
948,494,352,417,293,232,225,255,204,238,229,188,226,196,203,202,234,259,252,305
201,208,170,189,139,128,149,165,115,136,159,154,141,140,118,136,109,118,131,159
735,602,503,554,438,339,395,414,349,359,420,386,379,366,361,435,300,325,363,432
260,167,113,142,114,99,116,110,124,86,117,83,119,89,83,119,117,90,145,116
1848,1009,916,926,640,472,597,570,486,583,560,495,564,449,465,535,513,592,651,709
445,364,303,386,305,266,251,284,248,255,253,264,297,243,270,278,304,329,326,363
2323,1594,1275,1287,1048,804,978,1011,747,989,894,889,1020,831,795,940,905,1090,1102,1364
48,27,57,45,59,53,18,50,30,46,28,15,84,52,49,59,30,49,17,17
97,102,72,122,104,98,76,78,95,91,85,88,121,79,86,109,106,105,122,79
604,382,305,334,242,177,264,242,180,240,209,221,241,184,144,198,254,250,253,354
203,229,190,249,228,210,247,186,188,167,220,190,227,168,184,272,275,181,245,180
933,525,549,532,308,222,340,241,204,258,225,265,185,158,244,230,207,256,252,279
699,506,456,496,372,335,320,326,280,347,332,336,398,310,308,418,395,390,465,471
1754,1347,1271,1410,1197,1051,933,1155,841,1000,1001,1046,1228,944,917,1163,1146,1220,1229,1322
3453,2423,2082,2207,1796,1515,1603,1680,1447,1469,1629,1403,1669,1339,1361,1741,1718,1728,1910,2067
576,448,387,378,340,299,277,325,268,307,301,296,357,269,241,317,341,316,368,400
1305,947,892,999,792,724,642,787,674,707,814,731,838,675,661,905,859,833,873,898
347,305,244,332,255,211,262,259,255,205,265,241,246,213,217,270,280,229,288,280
621,510,373,365,317,333,278,377,254,300,239,258,327,251,296,292,308,373,331,403
889,583,526,584,485,422,467,448,446,408,456,439,456,377,375,469,472,423,541,508
4707,3060,2551,2571,2027,1707,2073,2100,1729,1946,2025,1875,2098,1700,1515,1889,1964,2146,2230,2766
4594,3134,2674,2908,2386,1949,2082,2162,1807,1889,1910,1732,2213,1833,1702,1988,1957,2141,2511,2697
1172,947,892,970,807,674,685,785,609,693,712,698,851,578,701,761,869,855,876,1007
250,248,202,299,276,232,280,237,288,194,258,240,262,189,200,309,317,223,338,232
401,311,250,262,218,170,183,209,163,225,185,164,198,180,153,198,173,239,214,260
1755,1068,935,906,676,585,735,688,605,638,694,621,704,574,542,680,693,728,798,893
317,211,167,190,143,135,159,137,114,125,154,154,169,127,105,148,147,154,180,176
198,132,100,108,102,84,84,100,89,49,66,75,87,75,76,77,101,95,123,124
80,53,48,47,58,24,41,31,36,28,29,34,40,35,35,33,54,54,52,70
165,116,99,121,100,69,83,95,85,85,97,82,116,67,63,82,86,84,82,106
190,193,153,215,137,145,169,156,142,149,137,170,163,121,181,176,162,215,165,184
491,286,266,281,217,152,205,180,150,168,165,147,184,172,160,177,170,202,187,229
2044,1587,1405,1632,1348,1110,1107,1258,1114,1123,1126,1093,1341,1028,1094,1256,1321,1323,1445,1512
653,380,344,353,282,221,222,247,207,213,242,241,220,204,185,227,203,239,255,280
646,519,439,516,412,349,383,391,339,337,375,358,372,332,331,403,387,419,467,498
2438,1648,1479,1596,1183,1008,1033,1170,892,1018,1013,1052,1143,858,971,1142,1121,1142,1219,1472
637,566,555,677,531,533,380,502,386,460,502,518,571,442,461,574,603,504,543,629
368,304,266,262,261,221,165,222,144,176,174,208,249,186,192,204,202,239,285,310
626,481,358,452,326,264,274,333,216,308,285,266,313,284,221,284,272,327,336,358
1200,591,463,319,246,218,244,244,229,269,273,182,159,129,210,166,166,207,259,193
74,56,47,32,31,53,23,42,26,28,32,32,26,22,36,28,26,47,31,34
6948,4760,4007,4255,3539,2739,3011,3290,2556,2915,2954,2742,3106,2596,2574,3067,3001,3314,3623,3975
226,235,183,261,203,167,221,192,186,172,216,204,216,178,193,210,215,200,208,226
585,400,329,371,313,247,259,262,236,217,266,227,263,241,236,256,241,262,301,290
911,651,533,623,511,384,438,507,346,407,410,392,461,380,359,431,409,408,517,564
476,388,286,359,307,237,204,331,192,247,241,241,273,200,213,275,214,216,289,286
95,90,95,92,108,97,55,101,63,91,96,89,113,74,86,97,124,89,85,116
182,246,188,217,218,177,213,207,224,178,236,205,211,156,199,246,248,191,234,252
484,456,371,400,376,316,344,345,299,278,293,260,360,241,349,281,408,386,374,396
29072,18127,15282,16122,11832,9909,11500,11568,9374,10608,10766,9881,11247,9076,8949,10646,10807,11988,12829,14518
37,39,40,66,46,38,31,42,18,40,31,26,62,30,37,36,29,46,55,55
227,240,166,245,191,177,190,201,151,191,169,165,226,140,163,177,168,175,215,228
212,148,184,159,116,104,89,102,83,77,90,82,90,97,72,122,77,109,132,146
1629,789,645,475,362,299,295,320,323,362,357,212,204,197,296,207,221,300,366,219
4054,2061,1688,1324,978,819,823,883,848,961,925,608,579,532,824,629,653,833,978,634
1126,638,462,482,420,301,387,363,340,350,355,289,308,288,298,341,364,351,383,488
150,134,109,134,132,81,95,104,100,130,84,106,177,138,105,77,72,82,124,129
392,294,253,254,207,166,184,212,154,185,183,181,244,175,176,195,227,256,238,292
2552,1628,1420,1265,1080,870,1029,1045,855,1013,971,964,1076,843,769,997,954,1030,1142,1394
1242,712,602,668,554,434,455,462,382,434,466,383,474,393,372,483,400,489,499,506
496,214,180,182,121,115,132,121,74,121,120,102,89,88,106,97,112,125,118,123
352,214,185,201,167,143,135,139,118,134,168,96,108,129,96,138,115,136,169,190
942,537,472,524,471,304,356,357,312,382,358,326,385,372,392,333,403,468,430,523
103,109,77,101,112,90,66,87,74,76,96,83,94,79,70,95,107,100,98,118
149,103,94,116,81,78,85,73,88,79,84,70,100,94,70,97,101,69,111,79
56,69,49,77,70,75,87,94,102,81,94,84,82,78,67,82,82,67,91,58
365,195,176,196,177,120,128,118,99,101,127,84,106,102,99,122,103,119,141,135
189,217,168,227,137,181,182,219,128,190,141,83,219,161,178,159,167,137,84,129
395,269,257,259,218,174,210,220,200,185,215,187,208,169,160,186,163,156,160,204
169,181,132,195,169,138,192,155,160,140,180,171,143,113,144,179,165,129,153,164
806,580,540,576,478,403,388,465,365,409,455,453,524,407,374,449,489,496,546,540
218,188,165,175,144,113,124,146,111,118,142,133,178,105,112,140,140,136,188,182
805,555,514,497,392,374,374,430,294,349,381,372,418,311,321,431,372,395,442,515
995,724,643,700,568,507,479,543,470,513,485,482,591,468,453,561,513,593,581,662
98,117,111,125,123,107,60,102,70,102,127,136,134,83,117,128,175,95,113,139
3390,2473,2209,2363,1982,1777,1679,1906,1529,1696,1821,1732,2047,1572,1565,1921,1981,1997,2129,2318
160,166,123,201,159,157,160,153,145,147,163,148,176,121,133,182,208,162,179,209
71,104,85,151,149,128,153,126,155,95,142,142,131,93,117,184,199,107,175,129
103,178,131,208,188,181,208,170,213,137,221,194,182,134,145,240,262,163,254,169
19,26,22,48,28,35,25,31,34,26,32,35,29,19,30,38,35,29,25,33
77,111,98,129,116,106,104,112,94,108,115,119,131,80,96,131,185,112,128,131
305,270,217,306,224,208,209,236,170,222,184,214,243,178,168,225,203,223,274,252
586,419,380,420,353,283,303,339,292,318,316,266,335,307,262,327,347,351,374,408
368,251,207,269,211,145,176,181,138,190,190,130,205,172,161,195,175,168,212,247
208,179,162,200,145,101,132,123,118,110,120,124,143,99,101,119,159,137,170,145
4065,2429,2113,1974,1498,1193,1459,1410,1208,1378,1362,1316,1392,1164,1054,1359,1327,1508,1577,1924
5551,3066,2721,2643,1873,1304,1749,1623,1336,1696,1547,1471,1428,1220,1332,1509,1410,1765,1759,2028
