131,170,173,149,159,203,155,149,137,188,126,184,166,152,167,227,337,337,653,1013
242,183,249,215,250,215,188,196,217,207,180,223,188,193,182,301,320,324,527,620
186,205,215,159,225,208,221,173,208,227,177,207,201,211,206,275,422,466,837,1244
42,51,63,47,55,83,47,56,66,84,53,60,69,69,63,66,146,149,262,485
649,680,655,616,698,716,612,557,609,800,655,728,612,615,633,781,1227,1324,1982,2992
230,345,319,262,311,297,287,200,262,293,318,334,280,323,315,324,476,489,720,802
598,781,678,598,718,611,674,531,593,693,690,859,695,759,741,757,1174,1183,1752,2081
1578,1891,1685,1431,1795,1581,1744,1300,1394,1678,1648,1816,1684,1756,1881,1679,2736,2936,4916,6002
231,263,248,229,259,236,251,208,212,295,221,246,257,241,268,311,414,474,881,1106
487,664,591,538,597,597,619,460,499,603,554,668,611,640,622,613,923,1089,1705,2196
2881,4308,3315,3332,3932,3200,3853,3127,3461,3920,4940,5417,4200,5216,5249,6732,7915,5925,8272,8567
165,224,195,152,196,174,174,148,151,183,181,198,173,225,198,167,292,343,493,526
74,92,92,75,86,98,120,87,95,108,83,88,110,124,121,134,247,238,629,968
939,1129,1073,859,1089,980,1004,840,885,1007,1034,1108,1037,1045,1128,1002,1654,1704,2676,3122
407,543,472,412,537,410,455,352,396,467,509,518,451,554,534,498,784,896,1238,1482
317,340,312,249,294,296,321,223,247,303,291,279,261,289,275,209,381,442,657,799
367,419,417,335,394,365,398,320,336,434,395,363,405,406,398,415,586,681,1107,1341
182,269,217,206,255,208,213,157,185,180,212,209,190,190,244,178,299,334,515,625
50,66,57,52,45,65,79,57,52,50,68,60,71,68,47,52,105,100,170,180
100,121,110,119,119,131,133,98,105,119,122,148,132,134,139,125,181,218,282,340
234,336,283,258,323,271,288,203,260,286,345,394,324,347,380,401,508,558,788,909
416,466,426,364,432,362,406,351,397,433,440,493,408,476,463,463,709,709,1098,1327
93,110,98,99,90,91,109,98,92,108,114,110,117,107,113,110,151,152,273,441
220,194,165,180,170,132,126,168,136,152,145,129,141,153,147,137,149,187,224,230
358,384,379,343,347,406,335,317,318,384,359,364,317,378,370,414,508,601,991,1276
499,576,592,620,516,528,591,479,585,877,708,707,574,655,654,790,811,745,1113,1533
105,138,156,149,114,162,132,130,138,157,137,152,132,131,119,178,256,268,471,798
380,408,377,297,370,419,334,408,313,374,336,310,313,376,309,377,360,350,518,505
99,107,92,86,85,71,72,70,77,81,67,78,81,76,68,72,95,102,121,129
103,114,119,125,100,71,131,92,94,165,152,135,146,128,120,132,108,73,88,94
61,91,71,65,65,83,56,58,61,71,77,57,55,79,63,73,115,100,159,186
53,46,42,41,62,45,53,24,35,38,63,36,36,71,34,38,76,50,88,106
782,826,724,703,797,772,745,702,686,791,747,715,713,706,718,741,889,983,1389,1447
522,601,583,495,575,517,595,452,490,604,508,574,522,548,597,613,814,1033,1535,2018
762,812,773,722,850,809,756,648,742,771,817,895,755,821,911,1141,1700,1513,2830,4115
181,206,185,189,218,197,226,165,201,217,212,246,235,263,295,340,490,481,793,1141
3538,5247,4361,4089,4683,4170,4890,3966,4464,4968,5548,6218,5188,6313,6677,8409,10390,9239,15002,19211
1476,1879,1675,1427,1698,1632,1708,1344,1457,1729,1549,1782,1651,1832,1939,1943,2974,3441,5856,7843
314,330,419,299,380,329,323,297,312,392,310,324,324,377,500,443,706,917,1605,2024
351,433,376,358,404,347,392,371,332,403,330,413,370,397,512,417,725,826,1577,1976
384,441,389,405,481,404,439,384,408,488,423,434,404,480,592,560,937,1145,2206,3052
1860,2327,2079,1799,2262,1988,2069,1687,1832,2140,2253,2490,2175,2407,2480,2564,3680,3633,5717,6659
290,373,326,266,330,336,318,252,280,339,311,346,339,342,337,323,544,554,899,1080
185,262,293,179,256,256,277,169,205,261,229,276,245,247,255,274,399,385,706,797
271,323,307,290,357,340,356,242,270,320,317,380,274,353,323,343,528,641,1094,1380
1131,1311,1310,1174,1361,1205,1422,1019,1122,1345,1246,1399,1236,1413,1340,1482,2296,2512,4545,5674
737,939,866,801,874,750,865,685,795,817,819,933,796,814,875,814,1359,1511,2552,3300
5523,7573,6140,5858,6346,6783,7161,5467,5941,6705,6123,7001,6848,7069,8278,9493,14035,16475,32732,47421
462,534,442,401,486,459,529,426,442,472,438,501,428,477,522,562,813,904,1616,2436
167,186,129,167,159,162,203,162,188,188,187,170,169,221,269,244,412,428,916,1293
566,742,534,579,642,682,721,526,577,636,674,675,723,771,928,949,1478,1830,3734,5318
347,473,361,322,387,468,403,304,340,410,403,443,428,444,537,562,796,956,1765,2571
439,939,655,535,577,839,775,510,459,715,753,726,816,826,1154,1572,2025,2954,7075,7296
192,331,281,212,264,338,293,235,242,329,287,331,304,334,370,543,797,874,1492,2386
120,137,122,126,100,107,118,102,117,109,102,135,112,134,136,157,271,293,522,844
202,224,189,197,222,254,203,185,189,190,226,185,227,216,193,224,320,382,501,780
169,163,136,159,215,164,156,133,184,172,141,168,134,132,140,220,292,352,593,894
825,978,700,732,882,800,832,725,686,831,928,779,790,863,720,936,1293,1268,1725,2028
86,81,67,74,83,76,73,69,62,95,104,85,84,78,62,74,130,96,140,145
74,94,98,73,76,133,54,68,127,42,43,75,58,102,81,49,105,49,99,47
41,34,30,33,39,37,28,29,25,37,30,28,29,32,27,41,55,53,96,129
20,14,26,20,23,21,32,21,26,31,32,38,25,25,18,35,69,47,72,104
38,33,42,26,39,40,38,38,27,50,18,48,25,50,102,69,101,148,265,318
108,171,176,147,207,188,191,156,209,201,170,220,222,255,286,344,553,670,1444,2122
1592,1540,1772,1394,1745,1488,1505,1398,1455,1880,1635,1766,1467,1500,1565,2044,2681,2725,4499,6580
47,67,49,61,58,49,65,54,53,75,39,44,57,60,62,48,101,98,172,189
136,205,190,168,165,172,203,138,177,196,161,193,175,192,225,224,363,469,801,1096
92,116,83,89,92,99,120,75,96,104,95,95,104,103,130,177,276,296,652,1024
20,22,26,29,28,47,59,47,24,29,45,48,35,51,35,57,88,111,261,118
167,279,213,278,206,243,244,211,278,219,213,265,207,212,216,262,343,444,668,1225
25,36,37,33,32,55,47,39,39,52,32,43,38,34,29,55,81,55,128,181
6,10,9,15,4,19,7,2,15,12,14,10,6,6,2,11,19,12,28,47
176,216,199,193,210,204,188,151,175,199,177,170,151,169,209,199,323,323,479,732
114,107,107,126,120,132,93,104,108,141,114,93,110,125,115,126,216,187,320,375
189,201,191,211,210,251,136,194,212,171,170,181,179,180,184,180,268,175,294,212
50,148,106,162,81,129,154,91,166,111,96,146,114,130,107,152,174,290,430,861
31,30,44,39,16,22,22,20,17,29,38,75,35,36,33,39,48,51,57,73
214,274,257,207,261,267,293,235,256,277,247,280,282,290,335,370,565,671,1156,1635
295,336,329,277,352,320,354,236,279,376,294,314,333,340,374,410,588,678,1231,1488
197,295,279,228,285,217,274,179,245,231,263,286,258,242,306,163,356,445,613,777
113,104,118,137,115,89,131,113,120,204,170,148,166,150,128,154,153,92,77,66
154,115,46,143,107,71,72,65,52,38,185,36,69,16,104,105,170,101,33,15
36,51,44,42,47,37,45,38,42,50,39,37,43,35,39,56,88,112,167,247
35,53,34,32,45,57,67,40,53,44,62,57,53,61,65,83,124,132,289,426
8,5,7,7,15,15,9,3,14,8,17,13,12,24,25,29,41,40,95,82
18,45,23,35,35,43,29,14,28,31,19,45,23,25,27,47,58,54,63,107
18,27,25,18,23,22,20,15,12,17,22,45,18,23,21,21,39,30,48,65
9,10,19,7,14,18,10,10,9,18,15,13,8,16,8,11,33,11,31,31
21,23,19,9,23,16,22,9,14,17,22,21,13,15,18,19,38,36,58,72
1011,987,987,847,1092,961,959,849,780,1114,922,912,876,1021,1017,1098,1698,1846,2818,3848
1691,1673,1603,1445,1782,1593,1614,1325,1326,1815,1510,1465,1461,1563,1604,1761,2614,2887,4362,5740
116,81,93,76,102,78,81,77,47,81,107,83,70,107,62,88,138,122,165,221
155,161,166,173,222,160,198,133,141,176,182,169,153,173,200,229,321,422,696,989
162,144,153,116,163,138,147,110,125,174,133,138,115,141,139,176,232,251,382,478
868,781,696,613,862,808,702,788,661,728,732,644,680,742,724,711,876,868,1363,1388
274,273,208,219,275,300,246,230,194,224,216,252,239,264,242,224,306,331,567,592
280,265,251,189,254,237,226,247,237,263,238,180,185,196,207,215,266,228,337,299
162,204,175,174,173,183,163,150,166,189,160,160,154,145,155,242,290,303,498,712
270,302,332,271,276,343,285,231,298,344,297,345,278,291,283,363,540,593,968,1484
166,160,161,110,127,157,145,178,116,141,137,127,147,143,126,165,257,222,315,442
1844,1402,1311,1712,1197,1242,1291,1043,1282,1479,1442,919,1190,1235,1165,1387,1916,1999,2663,3710
233,251,240,258,270,272,245,190,206,282,264,236,238,255,288,315,463,488,785,1141
84,77,64,58,60,52,57,55,51,56,67,51,54,80,57,59,83,80,140,190
79,84,84,64,75,79,88,84,60,94,84,69,72,68,73,80,116,130,258,279
31,33,28,34,21,27,29,29,35,35,23,32,33,39,26,42,60,71,95,106
48,38,33,67,43,54,39,39,59,70,51,52,55,51,54,57,73,58,82,104
172,190,170,150,181,169,169,197,144,209,191,165,171,140,181,175,195,183,278,255
30,32,39,34,34,24,32,26,27,34,32,34,41,36,40,41,51,37,37,49
206,272,311,181,265,276,266,190,211,260,234,268,237,254,256,264,406,400,650,725
505,491,398,373,485,505,389,427,379,417,413,471,387,444,423,384,552,557,895,922
61,27,33,27,48,64,31,40,32,34,24,32,24,33,44,40,45,56,61,51
910,972,1023,1519,1174,763,1183,918,1309,2651,1858,1578,1348,1586,1529,1795,1556,659,255,157
1,1,7,4,375,2,8,2,3,375,0,0,2,1,3,3,8,0,2,3
131,134,152,201,120,109,158,122,179,316,254,223,182,215,210,241,208,84,45,25
54,59,50,82,54,54,47,44,57,78,61,76,59,75,69,69,75,55,58,66
273,277,264,205,245,287,259,319,222,232,240,221,189,247,197,258,252,233,333,319
297,338,303,273,307,271,335,293,250,348,292,291,288,266,285,287,424,451,686,943
252,284,279,229,264,275,382,247,255,316,322,310,322,379,250,358,401,390,545,724
729,594,479,467,661,701,560,686,489,542,554,522,563,684,598,612,558,620,862,729
145,126,111,101,139,135,250,149,131,141,151,146,155,245,128,160,167,181,221,191
547,606,490,486,601,517,771,535,520,631,605,590,681,750,550,725,866,932,1409,1892
1337,1428,1368,1270,1251,1280,1338,1241,1197,1594,1445,1366,1324,1351,1347,1504,1753,1656,2463,2985
70,25,24,37,80,33,42,91,47,35,60,48,68,58,55,63,46,27,43,12
115,81,94,83,97,95,48,128,80,87,57,66,82,113,63,80,83,85,164,168
118,119,97,108,133,108,95,97,95,113,115,123,107,114,124,115,164,198,393,518
230,210,194,189,197,204,176,180,157,194,168,190,190,186,184,205,232,262,270,354
211,173,173,143,172,203,144,187,152,156,176,161,153,193,143,195,195,173,254,298
158,176,133,109,119,162,153,135,117,146,148,126,119,120,112,153,133,130,190,175
112,114,144,122,89,118,98,73,74,89,89,83,84,94,88,64,124,142,147,197
140,129,99,137,156,103,113,97,112,144,119,111,118,121,158,136,193,164,189,205
426,494,388,452,433,475,420,438,398,466,493,431,387,493,430,450,610,570,881,974
258,270,276,283,176,239,294,221,288,417,377,317,286,323,312,317,280,150,160,146
120,119,125,154,84,88,136,96,142,232,194,163,146,159,165,180,148,61,26,10
609,715,588,546,719,667,636,536,569,665,580,660,562,602,653,801,1074,1087,1744,2706
948,885,874,757,1001,839,849,730,809,929,866,927,797,881,841,1055,1413,1650,2800,4451
156,166,144,177,167,222,143,158,170,150,158,161,109,207,156,149,172,181,221,241
211,245,197,173,221,231,185,184,179,239,217,223,207,205,204,260,364,430,741,948
13,7,6,13,18,8,5,11,10,11,7,11,6,7,9,11,20,10,10,16
50,46,19,43,54,48,42,43,52,48,30,26,38,29,17,20,42,22,40,16
25,46,22,40,22,23,29,16,24,21,37,23,24,21,13,26,37,33,49,53
47,74,70,67,59,45,68,53,121,51,66,33,50,75,51,42,58,49,32,41
118,140,125,125,116,107,130,108,143,169,142,129,119,144,137,137,184,150,161,256
60,112,85,52,105,38,57,44,87,68,58,35,45,55,37,41,70,62,65,70
16,42,29,8,39,9,17,15,39,26,19,6,13,15,7,5,23,20,14,11
68,68,42,56,65,50,51,34,37,45,32,36,38,38,20,33,61,35,60,68
104,115,97,108,115,88,103,114,108,91,94,90,82,84,88,81,134,124,154,193
14,21,10,9,23,16,18,10,16,16,26,23,12,13,10,15,25,19,29,24
110,90,134,121,128,125,103,109,138,103,108,130,113,105,85,195,156,171,318,354
93,127,133,86,120,140,141,93,102,124,112,129,106,111,148,127,183,186,319,374
135,170,162,125,162,155,164,121,124,171,156,166,169,159,168,183,243,270,441,445
373,281,167,328,285,227,214,207,178,179,441,178,228,98,259,295,476,379,383,496
118,155,137,121,143,131,126,108,106,152,125,135,134,140,151,141,201,229,367,370
1294,1288,1165,1173,1182,1109,1062,1034,952,1162,1195,1131,1062,1107,1030,1155,1567,1430,2003,2534
27858,31044,27993,27194,30275,28739,28692,25258,26704,31200,29547,30454,28304,29984,31702,36817,51078,54032,90096,123268
694,745,645,687,752,734,632,622,597,686,743,599,703,752,609,788,1057,1133,1446,2064
177,190,177,164,178,200,146,171,145,140,161,181,149,188,172,139,220,231,327,357
5758,6449,6238,5533,6312,6603,6124,5272,5496,7008,5752,6356,5847,6012,6301,7518,10828,12289,19989,30345
1712,1705,1921,1503,1869,1612,1610,1517,1555,1997,1720,1873,1579,1613,1670,2210,2964,3017,5234,7548
42,32,44,32,38,29,24,21,24,33,34,38,20,31,30,39,33,38,66,64
34,29,39,26,34,31,33,36,17,30,25,45,23,25,32,28,34,34,38,20
342,303,299,278,315,283,282,264,280,345,276,278,287,337,302,357,389,420,631,712
89,96,92,100,76,61,80,66,74,99,83,89,70,92,72,107,110,98,125,139
172,157,124,136,158,119,109,109,110,158,126,148,167,147,127,138,164,177,223,244
111,109,94,97,95,101,96,104,96,121,115,78,93,112,111,115,141,148,195,225
1,0,3,1,85,1,4,0,2,85,1,0,0,0,0,0,4,0,1,1
160,169,150,300,126,150,203,149,282,476,351,318,238,327,315,391,338,146,27,12
477,490,415,346,374,440,412,385,336,413,397,417,347,406,378,361,555,623,981,1280
856,796,614,632,905,663,760,631,695,742,707,700,612,662,753,913,1280,1396,2231,3068
1214,1382,1238,1173,1345,1176,1147,1106,1080,1308,1195,1201,1048,1196,1229,1377,1730,2050,3167,4125
136,135,134,127,120,133,140,110,115,137,125,115,127,117,142,123,179,195,307,348
308,252,253,258,294,274,235,293,251,292,289,265,267,320,313,314,337,294,390,383
245,240,183,199,220,194,192,185,171,192,172,206,178,174,161,220,238,233,333,357
112,141,190,126,177,126,155,121,151,157,133,161,158,189,205,208,353,414,798,1133
1720,1994,1902,1661,1999,1831,1957,1525,1577,1970,1817,1922,1795,1900,1942,1933,2950,3344,5521,7142
102,145,153,122,128,162,124,113,115,154,120,149,148,141,169,243,364,399,725,1154
25,43,30,97,23,32,54,62,25,101,89,133,133,110,212,223,168,504,769,184
54,36,59,27,30,45,38,41,34,38,39,46,54,42,40,56,121,88,155,230
117,144,125,155,133,166,152,117,153,151,151,177,171,150,167,181,287,373,577,1013
147,206,168,160,170,215,177,156,167,220,181,225,210,217,267,298,414,465,884,1458
226,246,278,268,229,251,241,190,237,338,302,309,253,289,247,283,361,298,387,512
84,95,10,92,32,29,66,98,55,48,50,59,53,49,95,29,57,50,8,18
34,71,59,41,41,57,56,44,55,47,45,81,61,46,61,68,117,130,223,288
2,3,2,6,20,16,22,1,7,4,21,1,3,51,0,3,19,3,27,36
53,56,46,44,47,42,41,39,34,53,44,47,31,44,44,57,65,82,138,128
423,445,398,459,417,383,418,419,398,501,487,440,438,439,510,501,574,484,703,704
95,136,97,119,129,134,98,106,113,121,104,105,98,101,134,137,192,196,362,332
56,70,53,56,71,73,49,54,62,75,64,54,48,55,70,60,96,88,132,195
53,55,33,42,40,45,41,55,29,39,43,45,51,40,58,58,80,84,158,146
105,112,105,122,114,119,97,90,86,133,121,98,100,103,126,117,189,180,352,432
124,181,145,133,157,199,169,136,163,204,166,213,195,191,245,266,362,391,679,1191
1924,2185,2043,2007,2126,2007,2053,1711,1869,2228,2050,2158,2028,2269,2451,2667,3818,3774,6211,7960
415,358,376,375,388,327,323,311,316,461,384,368,353,415,340,448,444,470,653,706
176,165,149,171,161,209,161,139,116,157,191,145,206,143,143,145,254,223,311,405
54,104,83,64,68,75,84,61,78,63,83,111,94,77,110,95,143,155,210,287
113,77,23,102,72,50,44,45,35,25,136,24,47,7,76,74,116,70,14,5
190,219,202,200,115,167,223,165,224,351,312,254,233,249,258,258,233,106,64,52
195,239,244,217,239,283,239,231,248,240,268,266,290,230,277,323,456,550,968,1500
222,271,238,213,247,310,225,217,241,290,272,285,257,221,277,335,445,516,842,1186
84,93,56,88,124,104,81,72,87,77,101,100,84,80,78,118,161,165,217,296
117,177,146,140,126,171,169,122,133,168,129,192,162,127,134,208,326,374,624,756
10,8,7,11,23,24,22,12,12,9,24,11,8,51,5,6,19,6,34,33
121,129,98,111,73,116,109,93,135,185,155,140,106,149,144,163,181,118,147,139
19,31,42,30,17,31,31,22,34,33,33,39,38,27,20,42,71,68,100,151
35,17,24,24,24,16,30,14,24,21,21,14,18,20,17,30,65,37,47,46
117,131,102,114,161,112,101,120,114,144,106,78,100,84,91,97,107,109,135,138
18,9,6,10,12,8,12,9,9,9,10,6,9,6,7,14,42,11,25,24
6,5,5,9,8,5,1,8,1,4,5,8,4,5,0,1,13,3,14,14
251,253,222,224,235,182,234,181,197,254,207,205,183,202,213,225,297,340,471,680
95,96,76,66,89,67,86,83,79,87,84,71,77,69,74,99,125,103,149,176
194,191,167,165,222,173,161,142,164,174,158,174,157,169,215,211,276,325,585,684
599,574,589,516,645,616,599,519,491,659,594,546,555,578,583,676,872,951,1491,1942
265,218,208,175,280,239,220,315,214,230,257,247,255,268,238,274,239,198,340,274
202,199,194,188,193,173,166,175,182,189,222,201,197,133,178,227,353,331,495,718
99,109,98,205,83,91,128,92,196,320,234,226,147,219,217,268,241,105,11,7
98,89,94,97,129,79,101,75,71,81,105,99,74,112,102,119,187,234,355,581
98,69,22,88,63,43,39,41,30,25,120,21,42,6,69,65,104,62,24,15
88,91,89,114,98,97,77,84,89,101,74,88,90,130,105,137,200,168,258,332
60,37,52,29,44,38,47,34,34,57,42,50,43,42,50,48,84,66,136,148
150,148,150,151,134,192,137,134,117,166,117,146,146,136,136,198,304,331,595,986
114,139,145,114,115,132,137,114,100,130,107,124,118,107,98,144,225,205,322,503
1102,1241,1328,1110,1222,1292,1219,1027,1133,1349,1119,1296,1187,1184,1261,1575,2086,2718,4545,7053
88,79,101,91,101,63,128,51,81,69,68,103,63,81,45,75,129,149,280,268
144,137,119,107,116,126,122,106,83,126,123,107,117,86,110,139,189,187,305,529
192,257,270,222,249,253,310,220,238,304,260,263,277,262,306,362,481,584,1130,1528
177,198,196,190,111,157,204,159,205,314,286,227,209,233,229,232,206,103,49,30
112,133,95,105,144,97,129,99,90,132,110,112,113,103,78,132,192,153,230,269
98,99,79,97,103,89,115,84,109,88,125,90,127,105,152,136,272,372,684,1091
103,83,127,94,103,67,55,84,78,103,87,75,79,83,78,114,122,132,211,250
105,96,79,97,115,97,88,75,75,105,90,76,70,77,88,96,139,140,181,247
121,109,117,87,140,127,102,97,89,123,102,83,108,123,89,121,196,177,282,408
563,586,470,382,555,496,365,508,452,465,444,480,414,524,372,496,548,553,740,749
79,82,53,68,66,66,67,75,71,73,74,77,63,73,88,74,107,95,204,221
237,246,223,254,253,212,215,187,202,268,275,252,225,252,199,311,398,383,511,681
91,55,49,79,69,74,26,87,42,48,34,53,52,74,40,52,55,83,96,79
97,128,147,86,142,91,96,85,97,109,84,122,86,108,142,91,198,187,314,411
279,287,310,269,335,277,269,244,282,336,314,330,267,248,262,375,478,451,605,763
36,30,21,24,31,56,45,29,27,39,31,33,25,43,23,44,53,47,47,54
274,283,250,268,270,211,292,226,250,278,230,270,265,256,317,269,413,519,822,1095
102,101,47,103,90,82,70,60,59,54,115,53,73,39,88,95,138,114,114,159
164,119,112,92,106,116,122,112,81,87,102,95,98,116,101,112,117,115,143,118
66,165,123,99,102,152,147,91,91,138,139,139,155,149,197,269,378,515,1110,1352
99,130,138,133,112,152,110,119,161,144,134,166,131,144,149,185,250,269,521,738
156,169,138,126,171,139,139,148,117,163,131,143,126,133,129,159,231,273,380,569
2477,2799,2710,2343,2601,2600,2666,2248,2206,2801,2390,2635,2404,2519,2823,2911,4058,4901,8002,11056
574,636,571,551,613,584,569,518,509,589,561,606,523,539,576,648,860,1000,1534,2133
2771,2807,2537,2224,2767,2509,2532,2225,2148,2640,2333,2521,2268,2418,2389,2729,3691,4236,6392,8775
199,218,225,196,243,226,203,163,191,211,223,198,201,251,220,206,268,352,448,581
621,621,543,486,590,559,548,520,447,574,524,492,544,530,533,585,673,822,1260,1546
1665,1719,1591,1552,1759,1514,1570,1445,1486,1747,1544,1610,1414,1567,1618,1820,2461,2758,4513,6175
234,198,240,177,228,208,180,182,214,207,195,171,169,191,183,303,256,315,465,534
86,54,52,44,70,84,46,57,46,59,47,51,35,53,59,63,56,83,76,69
99,111,100,207,84,92,129,93,196,320,235,229,148,219,217,268,243,105,11,8
103,113,100,209,84,94,129,94,198,322,236,227,147,226,222,272,248,110,23,28
392,312,176,357,308,254,241,221,177,197,458,198,213,125,282,320,508,368,328,389
20,22,19,25,19,18,34,18,22,20,28,25,25,34,16,27,62,57,89,56
35,35,21,39,59,72,49,41,68,22,42,50,24,41,36,18,51,30,27,35
93,105,87,76,105,99,86,86,90,121,92,89,85,83,103,99,172,183,298,407
135,137,124,75,126,107,78,127,83,115,106,109,98,101,85,109,137,153,240,302
317,318,300,308,349,274,259,286,257,308,327,258,278,271,253,301,328,337,439,475
119,161,192,140,143,216,143,154,140,201,162,200,130,133,169,207,347,345,558,1085
12,23,6,11,13,17,18,11,5,9,11,19,12,16,6,6,14,4,19,4
127,182,154,150,147,165,126,123,143,159,143,151,154,126,130,153,244,245,394,600
153,195,168,190,191,203,175,177,164,194,193,163,169,169,170,159,225,225,283,377
191,174,158,120,181,137,82,122,126,140,98,138,103,160,103,156,149,201,254,318
59,55,59,43,66,71,46,55,55,52,80,65,52,59,56,59,91,98,154,170
254,272,266,234,267,253,296,234,211,239,234,274,224,235,232,273,396,456,833,1042
226,224,233,233,269,226,250,200,208,234,250,207,211,216,243,283,342,467,758,1059
189,260,292,218,262,223,314,193,208,237,209,312,196,282,228,261,389,420,811,943
85,108,82,75,111,117,120,77,110,116,112,106,101,109,118,160,171,169,174,239
77,112,125,77,94,108,121,65,95,82,71,103,122,92,133,188,245,319,526,1100
199,247,231,223,207,228,218,198,203,222,193,222,202,216,242,273,390,476,774,1130
56,67,54,56,65,54,57,50,59,62,61,86,36,64,58,74,116,117,136,297
142,145,165,213,127,117,171,130,187,332,271,235,196,226,222,252,214,87,47,26
423,449,439,383,427,425,399,378,410,430,403,426,366,435,405,454,614,688,1113,1520
84,85,107,85,97,72,70,84,74,89,84,81,63,57,70,98,134,136,162,253
294,294,310,227,296,300,290,275,244,300,291,263,264,278,284,354,384,432,671,801
691,787,902,753,753,850,750,670,712,878,667,869,699,768,827,927,1222,1540,2641,4032
41,29,39,30,50,38,29,35,38,43,40,42,33,34,37,34,51,48,92,129
70,83,67,76,72,61,94,67,68,71,83,79,71,99,60,77,106,120,165,196
64,129,74,73,99,94,104,75,72,96,99,103,104,109,123,166,270,290,592,844
22,20,16,26,24,26,22,23,29,18,26,28,16,15,11,28,42,25,36,60
296,359,333,285,312,286,343,264,267,350,282,367,315,321,353,285,533,553,1024,1278
108,151,160,120,161,126,149,118,126,143,135,145,156,153,171,188,302,323,576,867
367,452,417,384,437,396,441,351,363,431,348,483,433,424,500,426,693,798,1371,1880
153,150,164,150,161,170,151,141,146,181,163,173,156,174,148,224,282,311,567,721
140,104,99,152,108,109,102,75,90,128,124,81,94,93,86,112,167,148,195,246
3401,3360,3312,3001,3355,3201,3246,2797,2840,3484,3057,3230,3027,3199,3410,3744,4810,5657,9143,12686
118,136,120,153,133,93,164,109,156,251,210,170,149,164,168,211,199,130,109,93
57,47,40,47,51,39,26,39,43,47,44,50,48,40,45,56,79,63,90,122
39,54,51,43,72,40,49,31,56,41,67,50,53,44,69,43,79,80,133,146
242,282,201,194,263,228,248,185,212,270,194,243,232,195,241,272,318,375,585,779
125,153,126,274,102,125,178,125,275,449,325,303,200,297,299,374,322,125,1,2
247,235,249,212,256,241,231,193,206,250,239,259,229,211,233,202,350,432,676,875
47,70,59,45,48,86,32,45,89,31,24,47,40,64,47,31,60,21,48,13
161,192,186,154,177,169,166,111,130,174,160,192,168,162,191,174,280,322,504,555
98,150,170,108,181,115,140,133,145,139,132,161,162,149,207,140,309,308,509,587
176,187,139,127,161,143,141,148,163,172,145,156,132,160,136,171,220,196,317,358
176,205,149,156,224,193,211,153,183,164,203,200,185,190,240,214,297,377,688,831
188,228,175,172,217,150,175,158,176,178,198,153,151,159,169,205,200,218,350,390
180,195,205,160,216,161,227,149,168,177,181,226,158,175,167,174,275,319,646,720
192,224,209,204,206,232,220,167,172,233,200,187,211,214,236,251,396,447,731,1021
429,442,449,392,452,443,454,377,348,472,503,478,370,468,422,467,667,553,892,1039
73,81,61,83,65,69,66,71,79,99,93,81,86,78,84,91,94,57,56,45
116,136,150,141,137,138,140,120,137,144,142,130,150,177,211,232,265,327,617,666
214,230,200,165,215,211,188,224,183,222,188,170,169,177,201,224,236,260,384,470
223,269,261,207,269,250,228,209,203,273,212,281,207,240,244,293,383,430,718,1038
408,544,461,377,461,435,468,408,428,524,439,506,472,511,589,553,951,1071,1770,2447
69,97,55,52,120,88,56,85,86,116,65,70,58,43,44,60,108,99,95,158
556,601,738,569,610,707,577,546,569,694,540,709,566,606,662,765,923,1246,2216,3417
51,59,56,62,48,65,53,44,51,72,53,65,57,44,33,55,108,88,137,179
4748,5098,4556,4391,5068,4826,4668,4239,4160,5133,4590,4849,4433,4687,4932,5463,7352,8144,12645,17512
2617,2832,2597,2392,2774,2700,2563,2382,2347,2909,2617,2804,2558,2613,2722,2993,4256,4552,6848,9306
846,1028,941,830,940,914,987,709,770,924,860,962,817,897,926,909,1360,1688,2573,3477
105,132,109,195,85,99,141,100,192,311,234,212,158,217,217,259,235,90,13,13
177,175,136,130,155,162,136,137,137,154,172,139,115,130,157,176,242,302,428,619
148,122,78,88,143,94,105,91,108,89,140,84,85,106,145,133,198,228,347,429
229,263,221,189,214,229,245,207,223,248,214,248,236,252,327,355,518,604,1241,1765
186,300,245,209,243,265,257,227,206,255,217,281,259,248,309,408,522,598,1084,1666
125,126,125,99,127,96,95,71,90,110,97,120,105,124,122,141,158,165,230,294
419,399,366,378,363,347,389,313,356,412,410,355,372,385,383,476,649,686,1050,1420
60,72,64,61,51,89,62,54,47,54,57,50,61,65,50,69,82,84,136,162
61,47,61,42,46,51,39,56,40,51,41,43,48,55,55,55,75,68,94,98
103,127,110,102,115,109,111,110,89,102,101,138,106,119,88,80,120,159,255,294
245,280,303,269,282,300,290,224,245,308,274,279,275,275,255,360,441,525,866,1314
151,125,124,120,138,125,104,114,123,127,127,99,109,112,110,132,192,172,279,354
199,180,151,151,164,176,151,158,148,180,164,146,149,143,136,161,185,165,225,223
820,1119,960,814,1166,896,952,745,898,973,1018,1083,952,1064,1094,1020,1668,1594,2771,3134
231,253,219,217,254,236,215,185,205,299,227,241,212,233,204,264,321,320,454,566
414,465,582,462,483,562,444,436,449,549,432,575,445,475,517,602,745,1021,1828,2829
1029,1255,1102,990,1195,1029,1141,880,954,1129,1130,1193,1137,1188,1236,1213,1798,1960,3070,3739
805,853,744,695,809,721,737,638,628,740,687,700,611,661,609,735,957,974,1502,1845
1371,1478,1449,1246,1482,1351,1307,1246,1206,1509,1365,1377,1261,1312,1356,1538,2069,2393,3568,4650
1793,2168,1825,1634,1897,1897,1906,1647,1564,1908,1705,1852,1711,1720,1668,2208,2733,3189,5291,7536
25,38,18,26,39,31,29,20,18,22,25,29,21,28,19,21,24,12,23,13
42,65,25,35,54,54,40,27,44,34,46,40,40,31,36,43,76,76,103,151
90,112,54,91,119,122,101,70,89,71,102,99,86,96,83,121,172,180,198,277
351,299,309,292,311,315,289,252,231,284,308,283,270,288,276,258,417,466,692,919
4009,5213,4256,4578,4716,4635,4917,4174,4479,5435,5917,6142,5178,6140,6001,8283,10264,8174,11955,15015
295,316,287,221,287,319,249,270,219,250,266,215,224,254,195,237,223,213,319,283
505,428,357,302,455,448,398,502,356,390,423,407,411,452,416,438,404,394,649,526
107,123,145,147,165,132,157,96,124,113,116,151,116,138,98,146,241,275,539,685
2158,2465,2415,2046,2276,2422,2371,1912,2137,2463,2275,2542,2282,2451,2553,2876,3929,4305,7444,10864
534,587,576,490,565,555,510,455,503,552,502,592,503,543,546,583,880,992,1582,2063
722,849,892,718,804,804,807,654,712,852,719,806,724,811,878,932,1309,1574,2632,3567
48,41,41,43,46,55,28,59,57,68,38,46,36,55,40,45,43,42,57,44
62,60,63,109,54,50,77,60,90,163,122,110,96,114,106,128,106,52,14,5
119,193,142,110,126,152,146,122,100,138,127,145,153,144,184,204,308,381,744,1018
217,204,227,226,238,212,181,209,200,214,228,214,190,198,207,231,292,278,425,577
229,258,198,186,236,232,231,215,190,215,209,203,215,267,194,241,306,281,459,515
207,217,171,181,240,191,231,193,191,189,205,207,154,179,203,283,373,341,604,840
54,38,53,39,48,55,42,46,25,37,51,35,37,42,47,38,45,43,40,33
79,87,95,110,89,99,90,68,66,107,86,103,85,89,88,121,200,185,318,390
75,92,87,98,79,93,76,56,75,93,76,101,69,72,75,99,162,177,275,441
281,339,303,290,313,282,334,252,279,297,301,318,259,285,326,296,471,542,981,1224
101,59,72,64,74,61,50,63,67,75,47,67,58,66,69,58,98,98,145,180
185,201,178,146,175,164,120,151,154,168,122,177,133,159,158,184,194,234,358,531
143,206,116,124,148,124,140,169,127,136,161,134,118,140,119,169,228,189,296,376
38,43,36,37,31,46,41,49,41,34,38,55,22,41,44,30,44,43,42,38
863,939,797,885,950,979,764,771,766,861,910,869,909,896,664,978,1245,1379,1821,2555
75,83,72,62,73,63,83,73,54,75,68,70,75,78,74,78,118,132,211,237
146,136,149,114,141,125,136,118,119,142,131,106,133,135,127,134,189,211,347,428
269,283,271,238,295,253,268,252,248,318,283,320,259,251,248,332,363,416,598,895
174,199,196,171,194,211,229,149,154,196,185,196,203,183,203,179,302,373,516,746
964,1131,1237,1069,1084,1207,1063,998,1031,1202,1000,1303,1025,1063,1133,1406,1855,2249,3950,6289
637,757,815,722,734,736,669,654,677,796,627,793,693,742,729,861,1153,1364,2377,3486
301,404,398,319,381,395,386,291,321,354,335,364,339,309,351,412,600,664,1145,1630
12,19,17,22,36,18,21,16,16,22,39,32,16,20,31,13,34,31,69,46
293,319,259,243,286,251,261,220,234,267,256,257,217,254,224,305,349,445,569,767
191,264,240,219,205,256,260,186,208,276,187,303,211,215,216,333,429,557,835,1419
21,24,41,37,31,36,28,23,23,34,36,44,36,23,31,49,84,94,159,159
57,56,81,57,65,101,56,56,64,109,61,96,83,77,94,139,192,259,441,586
127,137,142,94,122,135,109,127,117,147,148,132,121,139,133,157,223,236,393,434
429,453,574,462,472,545,437,431,438,528,419,551,433,467,530,595,723,975,1801,2686
208,238,214,226,218,235,212,174,209,243,222,232,219,213,241,242,364,421,736,936
57,86,35,73,73,80,68,60,68,50,74,73,73,71,65,92,120,121,147,191
17,12,23,12,12,11,6,14,7,9,9,8,10,16,12,14,31,25,30,31
1088,860,883,1059,859,862,891,725,840,949,910,722,758,840,817,1008,1420,1442,2271,2940
304,269,321,264,235,224,274,193,209,350,243,208,256,278,299,345,419,448,531,771
58,92,79,76,80,95,105,75,84,102,81,98,101,130,159,168,284,321,641,1020
24,28,34,22,25,30,19,23,25,21,27,24,32,19,28,32,64,49,51,80
108,77,24,96,75,47,48,45,32,26,130,25,47,5,70,71,113,70,19,14
211,205,213,177,173,207,189,171,164,207,205,191,210,219,225,191,321,344,620,829
297,360,306,257,326,297,288,247,247,312,313,326,311,290,299,294,461,565,845,1134
79,92,67,93,86,82,92,68,85,85,103,86,81,100,123,99,174,192,300,396
119,127,87,66,124,92,118,91,79,118,98,97,97,103,110,137,187,234,374,547
235,311,273,244,289,294,246,223,244,285,286,328,260,266,258,270,389,481,697,827
173,151,142,127,138,159,144,137,116,173,143,134,118,152,134,150,202,214,355,414
30,34,35,43,39,65,43,20,32,49,35,36,38,51,40,54,89,77,125,172
54,42,44,41,45,47,29,40,39,39,39,37,44,41,46,43,70,68,91,130
478,546,443,417,514,419,455,433,384,452,425,409,366,398,418,431,550,602,840,1073
555,588,584,490,573,585,554,488,497,610,516,585,487,560,577,629,814,1004,1604,2343
323,407,361,297,375,299,376,264,326,380,332,330,369,370,420,363,605,720,1288,1683
