627,343,316,355,234,182,231,207,175,187,205,195,205,168,148,206,216,243,256,277
451,365,315,321,245,238,255,295,178,273,220,207,241,243,166,212,197,214,277,307
879,486,357,404,290,248,308,267,237,271,273,237,257,212,193,200,252,261,293,348
303,164,123,146,100,98,103,86,87,80,82,65,64,69,72,65,61,77,86,85
1987,1205,1088,1210,839,752,817,838,699,737,803,700,788,663,627,750,838,781,974,1045
668,457,358,389,330,249,344,321,302,314,305,281,307,277,316,277,355,426,411,500
1627,1072,927,1001,895,649,758,745,704,770,733,706,721,737,771,701,763,918,921,1047
4808,2902,2502,2534,2203,1502,1882,1856,1724,1831,1688,1695,1728,1765,1734,1729,2045,2286,2227,2490
860,523,405,389,353,256,300,306,278,318,275,263,281,259,245,277,273,303,291,396
1685,990,887,879,757,564,672,720,600,664,573,604,616,605,592,597,700,844,797,930
7314,5024,4320,5430,4283,4843,5039,4913,4371,4942,5190,5039,4844,4702,3842,4270,4226,5303,5039,4828
465,268,263,275,250,153,201,187,184,191,187,195,195,197,197,191,218,234,236,271
606,333,274,264,206,122,164,137,119,152,136,109,124,98,104,101,127,160,151,182
2530,1623,1375,1469,1325,922,1116,1069,1011,1100,1051,1060,1002,1119,1088,1047,1233,1314,1346,1515
1269,790,602,712,644,452,521,523,468,474,484,468,492,506,547,444,559,642,632,686
704,453,351,393,355,224,279,284,297,291,236,269,281,243,340,300,316,404,336,429
1030,678,546,542,494,350,432,454,385,424,396,430,397,402,415,392,478,522,511,604
532,366,310,289,272,152,224,232,199,217,167,171,239,216,210,179,240,268,295,290
133,92,86,92,94,40,57,52,60,56,57,55,64,70,52,70,83,85,86,110
250,190,146,193,159,112,150,132,107,116,115,112,131,132,130,127,141,175,163,195
748,495,396,431,395,332,338,376,308,342,360,329,353,348,338,290,338,372,375,432
1076,618,581,647,561,417,448,429,426,473,416,443,422,476,442,477,482,623,577,605
326,185,142,175,119,101,103,107,111,98,110,107,134,109,85,116,118,137,147,146
172,167,187,195,185,164,119,195,100,165,124,140,201,111,148,163,191,162,173,223
898,637,558,568,470,386,405,412,338,407,347,376,424,306,325,433,384,438,474,563
1130,857,719,760,690,580,704,648,689,626,688,689,614,508,539,789,769,587,816,751
542,303,220,226,193,126,162,220,159,171,180,151,180,140,112,160,175,162,201,240
518,413,396,390,378,409,257,333,297,340,290,290,429,351,380,376,355,439,412,381
97,96,89,118,83,72,82,91,55,77,71,70,104,61,68,74,86,105,117,113
121,111,102,140,119,106,105,104,125,94,109,111,122,107,86,120,139,85,170,114
164,117,95,101,82,58,77,70,68,60,58,51,79,64,82,69,83,101,78,89
55,67,52,44,51,36,66,73,53,40,36,33,62,43,52,37,49,48,49,91
1309,993,880,979,868,750,731,828,786,713,709,706,737,658,715,780,788,858,854,934
1614,952,787,832,669,530,621,655,607,604,544,575,590,527,597,629,649,716,663,835
2994,1857,1252,1684,1119,880,1048,992,825,932,967,912,935,813,723,947,957,1021,1104,1181
824,452,372,453,295,290,282,312,291,276,314,256,247,233,239,242,250,248,312,293
15298,8827,7062,8271,6129,6149,6844,6418,5613,6500,6625,6097,6085,5722,4878,5385,5415,6524,6528,6201
5902,3388,2794,2817,2368,1711,2116,2107,1789,1963,1820,1744,1814,1695,1770,1762,2035,2301,2295,2644
1732,916,683,710,536,395,483,468,351,421,477,349,359,362,398,364,438,506,436,541
1501,841,782,745,554,432,488,476,409,466,419,347,433,420,448,430,480,548,509,582
2245,1195,964,936,713,545,625,607,500,597,592,457,548,442,489,479,608,641,610,663
5289,3409,2829,3109,2747,2155,2497,2422,2202,2422,2376,2278,2399,2302,2240,2212,2523,2854,2749,3087
832,550,439,455,428,305,336,367,311,330,344,341,324,374,334,337,400,414,428,536
644,401,363,342,283,210,276,262,221,245,264,234,259,239,279,226,290,345,321,452
931,627,549,535,432,294,367,368,298,362,324,308,381,361,365,300,388,485,475,559
4178,2522,2088,2132,1771,1210,1550,1532,1365,1476,1327,1289,1502,1396,1397,1358,1621,1806,1847,2176
2515,1564,1224,1264,1110,783,969,995,851,923,872,759,917,820,936,854,1005,1133,1097,1311
31488,17674,14965,14754,10385,7824,10216,9424,7988,9317,8987,7556,7858,6990,7556,7972,7989,9513,10110,10406
1668,1008,842,872,641,486,553,590,490,588,506,507,527,485,485,548,527,671,625,731
867,522,427,397,310,232,252,258,210,275,231,213,197,178,236,226,229,273,276,211
3397,1925,1634,1603,1162,867,1052,961,873,1034,920,784,768,708,866,801,806,1024,1117,983
1848,935,881,923,629,432,582,551,474,556,466,455,464,438,449,444,473,562,559,599
4473,2719,2339,2587,1551,1050,1769,1255,927,1150,1177,1179,1048,893,947,1243,1055,1384,1446,1448
1398,780,719,838,442,386,605,456,379,403,472,373,372,288,284,411,337,386,505,601
507,274,258,224,191,160,188,171,152,154,189,140,154,135,130,135,123,196,212,171
534,360,301,331,274,248,230,262,206,213,241,185,274,196,188,238,218,273,249,288
536,333,229,322,246,180,211,221,144,188,245,147,211,177,178,235,192,193,239,290
1559,1200,1157,1207,1051,825,681,941,670,787,785,710,1010,775,751,895,953,1102,1098,1164
120,103,104,88,99,64,60,95,69,78,70,66,77,78,75,78,90,116,115,119
104,68,109,95,98,88,39,83,67,76,52,35,128,81,90,102,62,84,45,41
79,48,49,69,60,27,24,41,28,26,26,27,46,26,32,41,48,54,54,48
58,35,35,50,33,30,49,28,20,26,28,27,33,34,24,31,35,23,49,51
326,121,96,99,62,77,73,75,29,49,77,43,57,36,51,36,62,52,46,48
1499,654,537,486,337,273,362,297,312,385,366,290,277,244,222,222,264,278,344,391
4351,2950,2463,2658,1874,1665,1905,2049,1585,1799,1969,1762,1894,1474,1432,2015,1871,1843,2205,2467
154,99,71,117,81,58,52,57,52,66,48,51,63,50,53,62,66,69,80,99
857,422,363,356,316,181,246,256,197,244,213,172,206,204,176,183,243,280,236,298
641,345,310,270,172,135,187,162,131,169,148,109,122,119,139,120,121,163,174,181
100,112,40,101,37,64,60,67,30,70,50,44,59,43,31,68,67,39,41,57
884,493,413,443,254,200,276,269,283,188,297,212,235,223,185,318,269,310,278,363
116,60,57,75,38,48,50,56,41,35,38,33,55,49,34,45,47,61,58,75
38,11,12,18,12,9,10,10,7,9,13,7,7,8,15,12,9,15,13,19
544,322,237,353,245,209,210,223,213,169,174,166,227,192,178,208,263,204,240,266
255,177,153,211,160,108,148,152,109,104,108,104,125,107,100,134,175,154,177,172
222,206,206,261,242,171,204,211,174,190,149,129,211,181,148,178,218,249,238,201
649,323,258,264,131,97,144,169,170,100,172,104,127,124,89,197,131,150,126,173
40,57,30,60,43,69,50,21,17,30,16,11,28,56,51,17,30,45,50,34
1230,629,510,565,406,322,358,397,316,320,338,293,332,266,318,310,329,346,341,446
1046,669,533,541,487,327,387,419,376,424,359,337,435,363,335,361,388,445,421,551
608,435,356,321,310,188,292,326,260,267,250,247,250,236,281,209,288,341,313,361
114,120,77,154,130,136,118,99,164,99,128,134,145,124,103,149,172,99,179,104
14,88,67,52,101,95,118,42,185,77,127,21,192,98,77,100,73,80,40,50
183,101,73,106,70,49,65,61,43,43,47,29,40,47,42,51,61,66,55,63
283,155,135,125,80,68,75,103,66,82,65,53,52,45,70,62,72,74,77,70
44,33,41,54,24,16,24,24,21,9,12,17,9,13,21,19,22,21,25,20
61,47,51,60,31,33,32,32,35,28,46,15,49,33,25,27,42,42,44,36
47,40,33,35,24,38,25,7,13,21,19,12,30,27,35,16,25,29,31,22
23,15,14,28,16,14,18,18,15,5,12,7,19,14,6,14,14,17,17,15
45,29,26,40,29,24,19,21,15,15,28,18,25,20,15,26,18,24,25,23
2845,1732,1609,1572,1295,1022,1055,1109,993,1084,1069,1046,1151,895,1010,1193,1127,1202,1235,1399
4358,2659,2574,2576,2032,1624,1680,1853,1604,1699,1774,1604,1807,1578,1580,1919,1797,1891,1961,2264
188,105,125,127,98,58,87,84,80,80,106,81,117,84,65,104,137,101,77,91
743,386,373,300,255,191,241,242,226,227,206,206,200,157,208,157,224,241,223,213
338,212,235,222,214,134,155,157,146,144,174,132,149,146,141,188,159,157,191,223
1353,1060,915,976,783,643,612,702,572,815,701,614,894,681,695,806,798,844,877,894
537,393,346,340,248,212,213,279,196,247,240,208,288,208,212,267,280,330,304,328
354,270,265,265,279,211,158,202,176,243,219,190,275,167,251,255,246,264,261,249
539,283,294,323,198,196,200,213,150,184,215,158,204,154,167,210,211,198,220,241
1071,560,543,606,370,326,386,367,313,290,363,309,370,285,275,371,386,360,384,459
321,254,175,246,153,157,128,154,135,168,127,116,206,141,151,163,187,154,199,207
3413,1969,1771,2032,1477,1304,1700,1491,1326,1188,1306,1162,1323,1094,1405,1624,1389,1495,1540,1420
814,449,362,519,330,275,303,307,280,234,297,252,300,236,282,306,334,290,374,376
136,67,86,101,81,52,52,59,56,54,52,69,84,60,66,65,77,77,89,92
240,130,124,131,94,62,90,90,90,80,77,72,77,80,80,81,101,110,108,103
106,49,50,69,40,21,37,39,23,35,29,39,39,21,27,28,45,47,37,48
76,67,44,70,52,32,70,49,65,46,51,49,56,45,43,78,68,44,69,53
217,204,174,247,206,129,180,180,184,144,179,167,166,155,174,170,187,180,212,230
44,39,34,60,40,31,37,30,37,21,30,35,31,28,36,34,39,26,46,32
606,383,339,345,291,213,260,260,216,271,259,234,272,276,275,225,294,347,328,438
830,643,566,617,466,407,372,461,350,405,382,374,544,379,388,457,484,559,565,568
59,52,52,60,46,21,31,31,18,50,23,32,52,27,47,37,47,36,38,48
508,971,522,1652,1342,1514,1566,1007,1784,859,1367,1407,1185,870,983,1786,1914,851,1748,907
3,2,8,383,1,373,1,4,1,0,0,0,1,1,9,2,6,1,3,1
73,134,72,187,187,172,208,147,228,117,186,195,174,120,137,238,252,112,238,132
57,66,50,70,66,55,70,51,67,65,46,57,63,45,54,70,84,66,69,71
340,286,248,274,289,279,176,210,183,248,197,198,285,221,229,282,258,292,290,287
697,481,368,464,365,283,300,340,272,353,300,275,339,276,334,329,293,376,371,412
542,360,317,411,293,344,286,284,206,302,374,233,316,381,241,359,307,396,384,448
804,773,612,659,581,530,466,604,428,593,572,475,795,518,520,632,696,649,619,684
237,145,147,182,125,168,115,113,75,121,202,101,147,257,114,190,112,255,184,183
1401,931,826,887,681,609,580,559,482,520,740,490,678,820,496,759,637,862,834,912
2410,1843,1457,1800,1597,1278,1372,1422,1344,1355,1454,1369,1504,1222,1176,1437,1539,1474,1726,1719
67,99,42,72,6,38,52,26,35,56,23,17,91,90,35,68,63,8,42,34
107,93,119,107,87,80,50,84,60,86,79,81,66,82,81,95,95,124,115,178
388,209,189,191,161,112,124,128,122,109,119,107,130,119,110,123,134,144,160,175
307,225,237,261,257,158,167,168,186,192,131,182,184,199,180,204,224,209,250,251
250,186,210,211,190,193,146,174,118,166,142,153,194,156,163,175,182,213,214,219
167,158,128,153,137,134,124,143,116,138,95,127,160,124,125,145,145,136,146,213
171,103,146,146,111,102,106,77,80,85,66,83,86,114,88,104,98,117,139,123
182,156,146,190,167,118,105,145,130,109,85,111,116,124,139,157,127,147,169,121
844,674,533,599,528,420,463,444,409,414,393,414,514,354,438,466,564,511,523,604
151,243,165,283,298,295,312,313,265,247,308,333,312,213,219,281,352,164,335,301
43,100,57,121,144,133,160,131,167,100,153,158,143,102,104,165,187,77,185,118
1729,1193,954,1105,831,654,751,771,600,673,700,621,769,613,670,696,694,858,819,1018
2829,1728,1489,1493,1105,849,1057,1230,856,998,1058,958,1125,818,823,1003,971,1126,1256,1530
251,234,177,182,196,132,168,155,152,114,131,140,195,130,185,120,211,171,168,196
608,382,369,389,315,256,269,259,213,225,250,229,264,213,205,232,215,220,353,398
13,6,8,28,13,8,4,6,13,12,14,9,7,12,12,12,6,6,6,14
16,26,48,55,33,54,22,37,35,35,51,40,42,37,18,38,36,39,26,37
42,38,30,42,28,29,18,28,22,23,30,22,26,20,23,28,31,45,28,31
40,94,58,87,51,44,36,60,35,46,46,88,47,24,62,77,110,36,57,54
196,165,138,151,142,111,160,114,142,98,143,151,119,96,118,191,184,131,142,148
56,57,64,80,54,68,46,39,38,51,96,49,101,48,42,111,58,61,60,67
14,13,17,24,14,25,8,8,9,19,43,11,37,13,9,43,21,19,8,18
41,54,57,68,52,56,30,41,36,50,30,41,60,47,38,43,49,41,57,46
138,135,116,160,109,95,83,102,77,84,113,119,88,69,95,103,131,125,99,126
21,15,17,29,12,16,12,9,12,13,24,14,15,12,21,30,20,23,14,20
258,224,150,172,136,148,170,203,78,167,142,114,115,141,83,112,92,104,119,168
302,175,169,173,147,99,144,131,112,122,140,130,126,103,114,123,167,155,115,207
340,263,218,228,172,174,178,202,147,156,205,157,185,174,156,128,174,195,204,233
318,311,248,283,330,293,372,182,409,227,327,137,456,282,235,279,240,254,224,265
290,194,171,222,164,177,154,161,136,150,122,119,153,134,130,158,144,180,139,192
1916,1577,1543,1638,1365,1039,1065,1230,990,988,1048,1048,1331,939,1075,1130,1309,1399,1493,1512
88053,55096,46393,51059,39374,31737,35750,35669,30413,32568,33675,30390,34055,29059,29549,33796,34330,36283,40075,42915
1564,1050,942,1065,841,728,667,816,638,671,814,682,864,657,613,733,785,870,819,869
345,235,221,219,193,135,181,166,160,159,154,127,195,148,196,157,189,227,201,205
21271,12145,10579,10915,8111,6643,7590,7685,6354,7021,7333,6486,7444,6093,5960,7112,7286,7789,8295,9918
5014,3291,2764,2987,2081,1797,2086,2214,1689,1966,2118,1860,2072,1608,1537,2192,1999,2023,2401,2730
47,62,34,41,51,26,25,45,25,26,18,25,37,24,35,35,27,31,50,48
36,31,27,36,22,25,28,31,31,26,31,25,33,21,32,30,26,38,38,46
515,386,375,436,359,359,310,364,262,277,315,240,383,298,266,355,329,342,395,414
96,94,105,129,96,67,82,90,77,65,87,55,99,64,75,81,105,103,137,111
194,194,171,193,141,128,114,140,106,124,122,120,163,137,123,126,144,191,210,172
197,135,122,156,110,111,80,98,85,83,102,85,123,105,85,126,119,146,123,166
1,1,2,87,1,84,1,2,0,0,0,0,0,1,3,1,2,0,2,1
66,193,72,242,266,188,368,170,410,156,265,273,181,132,189,410,394,169,329,155
994,664,548,576,485,338,420,440,373,447,339,383,375,332,421,434,479,587,486,712
2025,1308,1166,1385,1113,778,823,870,678,764,884,765,851,787,747,957,787,866,985,1077
3149,2012,1765,1816,1653,1216,1339,1389,1142,1200,1271,1201,1392,1144,1237,1297,1380,1498,1599,1787
291,180,183,208,170,116,145,151,122,138,117,115,130,114,129,141,159,140,169,147
404,381,287,377,270,213,292,240,260,272,219,210,344,293,248,316,355,247,349,305
279,283,238,252,248,196,144,241,138,159,162,171,227,142,206,207,190,255,270,285
872,448,331,331,287,180,274,223,193,202,231,182,165,142,152,147,208,206,200,234
5460,3312,2781,2817,2506,1726,2120,2097,1891,2039,1861,1884,1947,1886,2039,1951,2249,2515,2418,2903
728,383,325,358,239,176,270,225,172,208,227,170,193,132,122,179,164,190,221,248
223,426,35,259,104,212,78,172,53,104,233,76,119,142,28,153,172,175,157,96
171,84,72,112,51,49,51,48,48,54,58,46,54,50,40,51,59,37,68,70
639,348,308,272,225,161,227,198,161,200,209,154,196,159,165,157,189,181,258,253
1062,481,456,474,300,173,289,291,215,252,249,221,234,201,195,220,213,284,282,313
390,299,280,345,291,230,278,249,309,207,261,233,300,225,235,272,355,288,361,337
31,29,78,33,47,28,75,46,54,50,134,66,74,13,50,34,105,35,38,57
194,122,89,117,79,68,63,81,57,70,61,62,64,53,50,52,96,77,79,91
4,22,15,4,4,4,41,53,3,4,1,15,7,2,3,4,20,3,3,35
94,81,58,84,64,55,49,73,37,49,44,37,53,42,36,50,53,52,57,67
655,547,448,631,463,409,512,421,488,361,427,414,483,411,408,505,537,444,526,451
246,181,170,236,147,142,139,141,141,95,95,133,120,100,108,120,139,134,160,162
129,101,68,118,78,71,69,65,66,54,44,42,70,66,54,74,77,74,80,81
91,86,76,104,66,55,72,58,46,49,37,38,50,46,43,44,53,55,59,67
307,201,175,211,132,103,133,141,95,109,117,113,113,110,86,123,138,141,169,184
894,387,392,404,270,165,249,243,197,226,215,198,201,174,168,183,195,234,240,275
6126,3709,3128,3647,2736,2209,2545,2517,2191,2367,2314,2098,2322,2164,2207,2269,2424,2766,2765,3035
596,476,376,517,447,361,349,382,344,353,330,342,454,346,315,384,410,382,554,513
368,234,258,190,206,145,118,188,148,153,177,149,176,162,192,165,135,186,213,207
194,123,118,106,96,100,90,108,90,104,117,88,98,90,82,69,109,117,114,86
4,57,35,30,71,69,91,27,132,52,90,8,133,70,53,67,50,56,28,32
93,162,107,202,233,246,233,251,199,179,275,275,245,147,166,211,274,115,238,224
922,569,489,494,403,265,351,277,283,323,317,250,324,255,246,263,321,311,407,433
810,498,420,449,358,302,327,334,248,298,332,278,301,240,252,276,293,273,376,445
174,150,101,152,104,116,105,139,73,107,119,83,134,89,88,104,90,107,98,133
510,320,210,326,190,208,224,191,142,162,209,174,223,157,123,186,211,211,237,287
7,27,19,9,9,2,48,49,5,6,6,18,13,9,12,12,29,9,8,38
142,136,101,147,161,119,157,113,140,103,125,126,136,91,118,161,156,114,142,124
98,62,50,68,40,44,49,33,38,22,40,24,47,23,34,29,39,43,49,47
26,33,14,51,44,20,12,29,23,31,19,19,36,23,15,31,22,33,29,34
119,111,128,111,103,114,82,127,85,88,143,118,124,86,105,125,131,110,126,125
18,18,7,32,15,14,2,14,10,14,8,7,16,10,5,12,8,13,16,17
4,7,4,12,10,6,0,3,4,7,5,2,7,9,2,2,5,6,14,10
482,339,319,280,272,200,243,249,205,203,253,224,228,177,217,280,248,250,262,325
141,108,80,115,95,78,68,78,72,75,90,73,110,75,80,91,87,97,116,122
461,319,283,308,279,185,192,206,168,189,185,212,234,181,192,227,183,223,226,254
1544,964,888,864,690,602,584,670,593,598,608,597,668,592,600,683,623,693,705,829
362,343,224,298,191,239,190,194,190,236,172,157,337,305,236,277,260,226,266,251
452,333,202,322,241,216,230,230,205,173,255,195,244,195,174,213,226,233,247,330
46,134,48,156,178,128,248,110,273,104,180,180,123,82,134,281,265,111,220,95
412,223,195,177,163,112,137,116,105,124,109,115,108,76,102,109,115,136,131,117
7,52,31,30,62,62,81,26,116,48,79,7,117,61,47,60,47,49,25,39
261,150,142,230,135,121,112,106,89,83,79,93,94,117,121,112,101,121,127,116
120,75,59,77,54,34,48,51,40,51,37,47,39,55,49,53,45,65,65,77
646,342,286,322,214,157,222,187,160,191,200,175,208,145,118,144,165,198,234,260
385,212,205,211,132,148,133,149,108,143,144,110,145,112,99,136,134,156,161,170
4681,2740,2267,2179,1698,1375,1616,1544,1284,1507,1522,1386,1538,1221,1149,1523,1426,1493,1666,2232
184,151,107,90,96,48,95,98,66,102,57,66,113,107,96,71,114,120,129,203
379,227,192,184,123,108,137,158,98,132,139,127,142,123,95,113,134,143,156,168
1100,625,502,466,383,291,374,351,296,334,338,304,314,272,276,322,323,324,323,450
77,147,94,191,219,219,213,223,179,165,246,244,227,139,157,193,255,108,216,203
215,156,156,168,128,107,104,105,100,114,99,109,111,143,101,142,134,160,147,129
610,294,315,248,309,168,198,179,183,168,192,103,130,127,132,115,145,127,228,144
164,129,128,127,97,93,98,122,80,111,86,79,120,95,79,97,100,90,106,127
179,126,121,130,105,104,93,121,82,90,97,85,95,81,94,115,89,86,108,135
282,190,155,184,105,132,98,150,92,121,109,109,158,92,120,136,123,140,125,180
703,593,561,621,589,501,328,460,364,442,372,383,611,411,446,527,507,564,648,531
186,138,93,135,88,71,104,74,63,76,80,64,80,53,66,95,89,79,66,76
462,400,273,405,291,253,243,281,183,238,254,211,316,254,245,272,249,275,337,342
71,77,80,68,61,58,35,51,45,66,44,43,66,52,58,36,74,64,82,107
329,200,145,162,129,106,119,124,108,135,110,98,106,98,100,143,124,137,169,179
538,468,362,426,319,311,290,338,278,286,336,302,347,261,279,350,354,330,404,402
56,47,38,55,30,40,38,47,22,33,35,33,31,31,29,32,39,27,29,46
821,530,398,420,371,266,296,321,297,258,257,278,291,249,290,289,321,343,349,413
105,104,100,83,90,80,109,54,122,80,115,35,142,85,71,82,78,78,58,85
135,106,134,144,114,106,97,92,87,101,92,93,138,99,85,119,124,106,115,141
882,467,389,445,251,194,311,247,170,205,220,206,166,145,167,221,180,251,213,247
574,286,307,289,172,145,188,170,128,115,187,149,164,98,124,185,178,146,174,206
368,257,210,243,200,176,164,193,122,161,175,133,196,148,141,144,146,171,170,222
8139,4869,4063,4163,3401,2608,3037,3100,2679,2978,2769,2730,2926,2464,2617,2889,2979,3233,3461,4045
1594,1012,852,862,715,573,622,682,563,635,613,569,656,528,557,667,664,706,768,856
6586,4160,3715,3937,3137,2579,2668,2764,2361,2732,2564,2496,2859,2340,2461,2941,2747,3054,3235,3576
502,302,318,305,251,193,191,230,172,201,192,213,231,197,227,244,240,264,254,296
1310,885,725,739,671,583,527,576,494,578,484,521,613,557,577,551,589,675,650,713
4527,2950,2463,2475,2057,1614,1788,1914,1510,1804,1800,1615,1769,1490,1653,1801,1857,1974,2077,2390
378,342,247,299,236,230,229,316,153,236,234,165,252,216,169,211,181,198,258,300
71,75,71,81,73,40,42,51,31,64,36,48,84,39,74,51,64,51,69,75
46,135,49,159,180,128,249,111,274,106,180,181,125,82,134,282,265,111,222,95
54,142,53,161,184,132,254,114,274,108,181,184,127,86,138,283,266,113,229,102
269,325,246,269,326,292,363,211,426,240,342,137,475,257,246,304,285,271,248,292
47,46,34,39,19,33,34,28,12,32,25,20,37,35,18,27,22,24,43,61
32,39,48,50,42,30,33,39,60,35,23,29,59,21,47,18,69,44,37,40
316,156,145,163,112,116,111,111,101,99,103,86,124,90,92,104,119,125,143,143
220,160,152,133,143,115,89,111,105,99,89,101,132,103,101,142,113,121,142,176
391,333,321,380,311,319,234,282,228,237,306,298,317,275,279,335,362,269,371,395
624,319,259,297,213,192,271,199,162,166,223,226,221,192,120,176,243,219,233,390
16,7,6,26,10,11,13,4,8,16,11,9,20,11,8,14,14,12,10,10
381,220,245,225,192,135,173,178,161,129,156,177,192,141,121,180,183,187,195,245
276,225,183,230,208,200,165,166,155,155,160,188,281,150,183,145,197,246,198,232
207,193,209,197,174,141,100,160,102,109,90,123,181,123,125,151,117,148,231,230
144,85,78,91,79,71,49,68,38,71,46,56,66,61,56,75,73,67,82,89
776,487,397,364,321,237,306,314,228,292,241,249,268,255,300,251,293,334,355,457
791,438,397,363,308,246,299,301,281,273,259,227,274,219,263,231,249,305,304,311
664,431,375,362,305,204,262,260,200,289,225,189,297,273,313,222,307,378,417,474
131,129,90,163,118,118,124,162,96,116,130,98,135,112,98,112,119,114,140,155
828,378,290,262,164,101,180,190,128,145,155,106,92,106,100,109,125,126,117,153
761,449,391,393,318,231,283,323,240,286,270,225,265,215,201,278,263,273,302,327
182,115,91,96,88,55,83,83,82,62,103,70,90,48,36,66,65,58,65,87
77,141,78,197,198,183,216,159,237,126,199,207,189,130,145,246,265,118,250,144
1086,741,603,635,538,438,467,509,375,442,439,413,448,403,423,481,465,504,541,636
152,138,100,143,106,85,87,100,64,79,76,86,108,92,60,93,83,108,101,124
673,423,371,402,319,320,304,290,277,321,257,273,330,283,301,337,296,362,338,375
2617,1631,1356,1230,1049,790,964,975,764,1023,909,919,905,741,723,977,924,980,1070,1391
93,61,50,60,44,45,45,40,25,35,44,24,53,33,38,36,46,39,39,62
148,102,107,121,84,90,86,73,52,70,89,57,80,79,73,80,91,114,90,99
503,302,257,282,166,132,191,140,126,159,162,122,109,110,101,130,97,127,175,189
45,39,28,44,37,16,29,28,26,13,14,10,21,16,34,22,20,27,25,19
1004,583,536,497,416,291,339,334,336,386,281,292,315,353,336,348,353,459,438,509
609,357,286,260,227,146,224,211,165,172,174,151,181,135,143,161,169,171,192,244
1475,827,745,655,543,462,540,543,465,512,426,428,447,418,381,398,420,590,534,586
524,323,283,278,212,179,202,215,186,189,193,182,198,162,144,190,179,202,239,206
231,152,150,164,104,103,132,124,89,97,82,82,108,101,116,144,105,126,126,117
9301,5927,5069,5069,4049,3384,3829,3841,3338,3527,3446,3309,3535,3063,3177,3666,3616,3904,4086,4824
117,139,147,166,140,135,152,161,166,124,180,163,133,127,156,188,196,119,201,126
89,56,55,71,63,48,40,50,32,40,54,45,53,38,34,43,59,55,71,77
117,93,61,65,73,43,50,75,40,54,47,57,34,56,60,49,56,66,70,74
548,383,294,393,297,247,247,270,217,251,247,270,246,214,213,265,222,283,292,360
52,174,50,203,252,175,347,150,372,125,248,249,151,101,176,399,378,152,301,125
702,409,365,346,312,202,261,282,240,256,199,230,220,225,251,222,270,341,311,382
57,35,65,55,63,60,21,52,36,55,32,18,94,55,56,62,36,52,19,24
487,259,236,234,227,157,176,185,194,210,148,177,178,176,194,199,209,227,212,243
478,308,229,242,235,156,183,205,158,168,148,124,154,166,139,139,214,172,208,217
256,222,194,221,173,143,150,173,121,130,140,147,179,140,130,175,171,197,224,262
645,416,309,357,256,208,229,229,195,211,186,196,216,178,212,193,229,258,253,263
313,226,218,228,203,185,164,172,157,162,204,206,191,134,193,205,224,175,213,237
557,355,276,263,234,156,184,229,179,232,163,172,188,203,215,192,215,259,259,348
755,412,319,415,292,233,250,250,230,221,258,214,290,189,245,236,274,234,317,319
782,583,561,624,522,389,438,455,389,403,383,389,516,403,450,476,511,524,650,669
71,80,57,90,75,63,83,51,87,71,66,72,77,73,67,95,100,65,97,72
486,298,289,336,204,161,179,195,158,171,169,143,152,178,173,146,176,188,213,261
418,275,232,254,251,209,186,196,176,223,201,158,257,170,206,239,195,224,239,222
680,456,364,389,322,235,291,304,219,285,263,251,280,265,214,275,272,316,333,424
1778,1028,840,934,660,481,648,648,488,611,553,474,538,485,470,538,607,638,639,765
105,104,68,99,90,63,60,75,77,102,59,79,119,105,71,62,40,63,78,105
2238,1382,1152,993,832,661,786,750,620,836,719,755,734,596,553,786,695,768,810,1151
111,76,69,96,66,84,62,73,36,57,68,53,77,51,44,57,61,50,88,101
12718,8219,7180,7551,6089,4878,5351,5530,4717,4984,5041,4885,5411,4635,4722,5292,5371,5796,6256,6868
6840,4486,3816,4275,3379,2694,3026,3049,2639,2708,2815,2603,3029,2605,2585,2928,3107,3294,3524,3980
2563,1586,1360,1348,1190,814,1027,1061,897,1112,916,924,983,895,932,965,983,1212,1142,1448
44,127,57,158,182,147,241,132,247,108,188,191,122,84,137,257,261,104,218,112
403,277,233,262,197,163,162,192,145,165,171,152,185,146,128,203,168,193,189,245
292,201,183,210,184,106,138,138,101,130,158,157,132,119,106,138,104,108,113,143
1203,670,535,527,339,307,333,369,320,319,357,285,287,219,296,304,321,321,347,369
1078,587,523,590,343,294,399,355,272,310,323,312,357,251,233,297,302,342,374,443
182,144,151,187,117,141,107,142,109,104,111,106,128,119,107,111,122,137,146,149
1068,659,594,691,490,426,463,477,425,404,393,351,415,345,405,473,422,455,477,495
140,102,89,105,84,61,63,53,49,52,48,58,77,37,69,50,69,80,61,83
80,63,65,72,53,53,35,48,43,40,43,45,61,41,49,60,49,66,77,83
234,131,148,148,128,66,114,114,101,85,86,105,111,107,127,132,135,156,149,161
915,556,463,462,338,306,343,344,284,342,317,284,349,277,231,314,333,336,379,437
245,184,190,180,135,132,120,141,109,106,102,112,151,108,120,133,150,155,159,205
215,192,174,180,167,147,139,163,131,170,135,147,182,142,146,185,175,183,177,205
2559,1722,1278,1468,1268,893,1130,1049,949,1010,1052,956,1041,991,1063,997,1214,1312,1235,1554
426,312,257,338,290,247,218,247,229,229,198,205,238,222,249,259,261,291,317,323
1806,1113,929,779,652,538,625,614,511,651,566,612,605,472,469,613,565,602,659,934
2944,1836,1557,1680,1444,1085,1292,1242,1126,1250,1143,1147,1202,1162,1191,1123,1290,1536,1443,1675
1391,1083,973,924,836,699,708,794,615,738,764,713,807,617,685,810,748,882,888,976
3572,2274,2002,2091,1768,1442,1439,1665,1328,1444,1465,1342,1612,1289,1403,1460,1557,1629,1797,1955
5269,3520,3001,2990,2424,1837,2018,2138,1613,2090,1921,1809,2066,1700,1736,2022,2024,2465,2410,2799
21,14,19,32,27,20,24,24,17,30,22,22,33,22,19,32,24,32,25,22
90,64,48,77,47,50,50,70,23,55,46,40,57,46,39,59,45,50,36,70
166,140,106,162,107,122,110,139,70,107,119,93,146,105,87,117,96,115,99,127
723,460,437,438,384,281,305,293,283,288,267,255,329,259,281,322,331,402,342,430
11490,7217,6430,8137,5719,6363,6543,6467,5424,5907,6598,6027,6371,5562,4761,5691,5539,6304,6594,6337
320,260,277,255,277,262,197,251,185,239,210,219,271,219,230,276,231,361,319,283
629,571,468,474,383,415,349,359,319,426,328,305,555,433,391,460,451,442,443,460
424,274,225,229,187,117,178,173,122,163,152,123,171,159,162,138,165,171,222,259
8332,4804,3731,3884,3153,2429,2932,2662,2437,2724,2508,2412,2684,2335,2246,2581,2743,2953,3176,3460
1568,957,798,873,738,544,601,596,517,613,563,562,612,561,559,546,700,697,690,818
2654,1584,1309,1293,1071,859,963,994,793,899,888,814,851,781,834,871,937,1031,1069,1271
34,42,50,50,47,49,38,50,33,32,45,53,41,35,45,56,58,40,46,88
30,66,31,89,94,67,115,64,143,61,91,95,74,56,65,128,131,63,119,59
690,357,335,367,222,149,225,174,149,206,179,182,148,152,170,172,177,224,214,264
434,310,333,275,249,213,230,260,182,206,214,211,246,168,207,229,241,229,278,253
400,316,294,295,236,239,187,202,165,219,227,192,254,260,165,268,236,333,296,296
564,382,313,387,224,241,242,240,199,210,225,195,258,236,186,254,224,263,278,279
52,37,56,54,47,42,36,28,34,37,35,33,39,32,38,41,36,52,59,60
263,179,138,181,120,102,110,122,92,98,106,106,128,85,81,97,109,129,137,172
292,174,150,168,105,92,101,90,86,86,97,97,106,80,86,95,99,93,132,142
935,564,452,460,403,258,352,376,300,364,296,311,309,303,364,293,345,413,375,500
159,87,109,114,76,53,54,77,70,65,73,67,70,62,62,73,76,65,86,74
362,263,226,208,204,168,160,200,121,151,151,163,213,149,156,159,178,193,221,246
299,219,197,201,190,155,126,151,125,141,106,133,174,108,163,160,181,176,143,215
58,41,32,51,49,25,28,40,30,42,38,22,37,27,45,37,47,52,41,51
1892,1369,1246,1233,1071,897,790,997,782,776,863,788,1110,831,784,856,917,1150,1220,1229
174,119,120,95,117,57,65,69,83,79,69,79,98,68,80,83,82,107,87,123
323,212,202,207,168,123,136,130,143,146,145,119,157,138,119,135,143,173,172,176
633,452,372,390,306,293,304,301,241,308,278,265,309,248,261,312,309,337,344,397
571,360,294,265,250,164,228,226,222,224,168,186,170,193,208,191,235,264,257,283
4076,2438,2000,1857,1490,1141,1462,1450,1185,1430,1357,1289,1369,1103,988,1342,1322,1402,1547,2011
2379,1390,1177,1191,943,716,890,959,770,828,802,784,926,730,707,822,913,880,1008,1207
1177,681,584,652,453,358,413,456,363,418,401,355,433,358,310,412,405,442,444,584
41,46,17,27,31,22,16,28,12,24,19,30,13,23,29,18,38,22,32,42
598,411,337,390,319,277,284,306,231,290,282,258,305,242,263,266,239,321,299,358
930,522,396,460,310,227,339,281,241,287,282,274,325,241,210,257,312,303,371,442
88,65,51,72,44,48,49,48,35,40,44,27,52,47,25,47,55,43,62,71
424,225,153,187,119,139,130,135,70,82,138,84,116,92,58,99,117,114,119,129
355,213,196,223,162,138,150,130,145,127,110,146,146,118,158,167,157,162,180,190
1735,1073,902,771,638,511,581,604,492,651,554,606,583,457,449,618,564,599,643,918
689,389,360,389,304,202,272,277,225,269,247,208,247,215,228,249,303,279,313,338
119,98,66,115,88,80,76,92,55,79,84,71,92,71,58,91,67,95,74,106
24,19,12,26,11,9,12,21,14,11,13,10,11,14,7,9,21,23,21,21
2382,1467,1273,1428,981,941,1073,1033,871,828,872,819,946,814,967,1043,997,1101,1168,1140
683,350,360,402,354,305,331,332,302,215,284,203,255,255,350,275,294,276,279,336
689,336,296,297,162,137,180,170,141,158,163,116,104,106,115,111,123,131,146,168
53,31,31,58,33,24,35,34,24,22,23,15,33,29,30,24,38,24,50,46
11,56,37,30,71,64,85,26,131,52,88,11,132,69,50,69,50,50,26,34
638,358,326,294,248,198,241,208,192,221,201,223,193,189,207,229,261,289,237,319
876,539,454,457,393,284,351,357,338,302,287,288,344,304,309,278,350,412,373,479
296,174,149,186,120,106,95,106,108,81,103,72,109,81,120,115,96,129,130,107
317,203,175,208,172,141,143,146,107,116,131,108,136,111,121,123,120,143,132,152
692,435,362,371,340,224,280,341,271,292,268,257,272,277,301,254,325,393,329,422
314,215,211,213,164,128,138,178,132,155,148,133,152,143,156,178,156,141,201,220
120,58,60,72,59,51,48,64,46,40,56,33,51,38,34,40,52,46,52,87
77,51,53,71,56,51,34,51,30,34,42,46,49,47,39,49,51,52,71,75
851,631,564,602,497,447,398,483,392,443,427,425,511,378,431,473,479,517,520,584
1629,1054,874,849,700,581,648,634,539,654,592,623,622,544,526,642,605,721,727,879
1273,738,595,579,537,363,436,419,395,452,369,382,399,335,400,358,428,482,451,497
