142,143,144,99,118,118,128,144,180,185,99,147,186,219,175,227,310,572,1197,1672
189,213,175,194,176,216,198,281,169,267,290,225,259,305,309,253,369,517,735,820
139,117,137,126,114,125,134,143,149,135,134,135,125,136,148,141,214,265,425,535
196,142,151,114,127,120,120,127,125,139,130,152,158,131,131,191,250,443,736,1161
143,190,178,145,143,171,158,169,160,174,186,180,156,168,216,209,288,405,719,1013
241,238,234,193,225,199,217,232,194,252,233,196,231,218,216,273,350,481,939,1335
637,652,617,585,611,669,672,697,635,814,651,722,684,657,774,892,1050,1472,2678,3842
103,89,119,78,110,121,104,115,105,134,107,101,116,135,140,150,205,255,427,645
1157,1304,1065,950,1093,1094,1091,1147,1013,1220,1132,1069,1415,997,993,1473,1854,2294,3820,5490
3746,3501,4088,3147,3544,3350,3877,4121,3469,4180,3956,3658,3709,3984,3724,4493,4964,6827,10091,13510
120,113,122,92,106,96,89,99,87,133,108,109,112,107,101,133,178,266,377,582
1264,1275,1094,1070,1188,976,1210,1240,1022,1353,1306,1179,1332,1060,1044,1153,1563,1790,2494,2603
845,693,741,482,592,601,700,853,1028,929,685,698,824,1289,846,1110,1848,3282,6324,8128
305,297,285,260,299,253,296,327,261,328,328,307,297,285,289,334,430,506,765,863
1175,1253,1175,1057,1127,1036,1169,1261,1053,1345,1339,1172,1244,1136,1118,1180,1529,1665,2107,2294
86,76,63,66,53,56,69,82,65,76,80,70,74,70,65,75,119,138,240,274
1670,1748,1454,1535,1735,1383,1580,1935,1480,1931,1715,1408,1591,1647,1372,1550,2114,2244,3392,4211
779,837,657,589,631,665,643,785,640,786,722,733,834,708,716,871,1280,1619,2726,4508
122,102,99,74,131,89,88,127,125,165,113,141,101,167,201,171,261,508,901,1765
999,1088,932,770,868,850,812,973,842,1009,948,963,1053,886,946,1186,1588,2269,4008,6417
294,345,257,254,252,184,272,283,245,286,274,281,327,254,243,253,415,578,826,1111
85,108,89,72,113,75,70,108,109,144,103,136,85,151,180,132,280,489,851,1862
189,159,170,102,191,162,170,227,176,274,161,219,154,285,228,264,438,822,1282,2606
101,85,78,58,108,70,69,89,88,95,68,76,69,128,145,162,183,349,649,1318
1092,992,1029,823,1285,876,954,1393,1257,1571,1160,1458,1017,1711,1902,1755,2839,5405,9464,19245
122,144,136,107,116,97,100,154,119,136,119,170,113,124,135,148,248,334,578,940
149,158,134,156,142,172,169,236,145,180,226,161,181,231,222,201,301,380,544,649
119,133,118,95,100,94,110,114,183,131,94,107,123,158,137,195,260,423,960,1515
664,707,651,706,652,611,659,781,667,746,716,651,699,639,701,742,922,1085,1700,2150
179,198,219,202,203,222,211,209,196,276,196,223,211,176,278,324,381,538,1040,1448
228,272,304,216,231,229,252,265,270,328,264,302,285,263,384,398,459,765,1495,1965
221,233,191,180,165,172,237,216,186,239,184,174,182,185,168,174,277,355,488,564
230,207,283,190,233,220,260,272,217,244,226,250,230,244,189,222,251,331,359,363
49,53,48,40,51,42,55,55,48,48,55,52,56,43,48,50,62,83,75,85
187,190,220,166,184,175,213,233,170,219,215,215,205,201,186,221,263,368,482,592
119,162,169,149,109,124,141,120,101,182,121,182,152,130,81,92,125,188,191,269
707,698,673,575,636,601,732,687,633,791,697,708,675,676,526,659,797,935,1220,1350
149,140,128,114,117,109,133,138,98,139,104,148,115,115,112,146,191,229,389,434
187,187,210,139,197,188,171,218,169,222,220,203,210,174,162,207,276,329,429,425
143,134,157,119,135,125,158,152,135,189,172,154,148,167,136,198,216,274,340,432
102,103,103,92,96,103,117,105,91,87,89,95,79,92,69,93,86,121,129,138
228,172,176,172,188,161,204,208,177,222,196,190,166,203,153,225,260,294,371,448
79,67,63,59,72,47,68,65,57,73,60,65,76,58,63,88,112,151,219,336
220,170,277,114,117,273,290,197,245,344,424,221,298,298,271,246,320,224,24,21
433,397,369,303,390,368,360,428,379,456,380,380,334,421,380,406,586,825,1274,2073
64,63,60,43,66,41,69,57,52,55,57,56,47,68,38,43,60,107,143,140
39,52,59,38,67,48,67,57,39,41,40,46,48,46,36,41,49,81,84,67
139,116,167,114,137,116,158,147,107,143,137,124,115,143,100,123,152,193,226,260
152,169,183,144,182,155,188,169,131,165,152,169,168,172,145,181,181,260,367,423
88,104,122,98,94,93,113,95,91,98,120,100,94,114,107,97,90,90,60,66
136,133,157,117,120,125,160,146,147,160,183,162,162,166,159,156,224,240,320,387
676,584,729,534,573,544,671,673,568,712,689,599,579,582,589,659,883,1005,1335,1630
45,57,32,43,38,32,33,34,50,57,34,31,50,50,29,41,71,92,143,161
704,685,687,563,637,599,698,704,575,783,663,691,628,660,620,696,896,1197,1703,2170
116,94,124,85,103,93,110,126,72,107,112,91,97,101,91,89,112,151,181,232
108,114,92,105,82,82,112,127,90,89,107,99,113,98,78,97,106,127,135,157
169,162,192,123,148,148,170,166,141,177,131,132,132,143,145,166,175,240,347,445
422,414,410,328,415,346,413,383,353,422,376,397,393,352,347,388,525,564,791,1089
95,93,65,68,83,75,92,81,65,85,84,74,77,70,78,83,109,119,172,184
96,82,86,79,73,61,90,65,77,91,93,56,83,79,77,92,108,131,170,214
96,112,104,82,66,86,105,110,87,97,111,96,98,107,102,85,112,155,215,316
211,240,232,174,213,210,206,257,170,240,216,200,202,225,208,230,296,389,510,677
124,142,109,100,97,92,125,133,81,118,110,135,96,128,94,147,174,253,345,495
251,222,217,182,219,194,222,257,180,232,215,224,196,238,190,253,302,373,494,747
302,301,300,244,270,267,303,305,231,328,292,297,270,260,243,273,333,477,647,755
371,393,408,345,365,306,372,416,349,437,397,420,410,391,390,419,560,740,1187,1773
171,184,166,150,161,148,172,187,156,199,180,192,168,179,159,168,253,305,485,669
108,90,99,99,107,85,109,121,86,132,93,116,96,101,81,127,126,185,268,311
79,66,77,68,81,58,68,109,86,83,73,94,74,86,61,98,122,134,196,256
167,178,185,143,164,135,180,188,161,158,174,174,159,151,144,178,244,309,470,708
41,47,68,58,53,57,83,55,47,70,65,62,51,76,47,78,88,100,95,112
166,157,163,179,150,125,175,184,147,175,158,177,162,169,148,179,230,278,458,484
313,288,290,277,275,268,282,330,246,342,294,286,297,261,263,293,418,526,760,810
1060,1095,966,918,960,902,989,1027,909,1068,1084,1030,999,955,871,1028,1302,1490,2244,2691
86,66,77,71,79,84,92,92,64,81,83,82,69,93,76,62,88,107,109,99
277,290,277,215,271,236,320,300,240,323,286,289,271,286,221,276,350,429,539,649
124,122,112,113,116,116,134,136,91,144,117,128,101,102,103,124,129,177,216,260
180,170,186,132,194,168,197,181,137,174,155,159,169,146,152,151,189,238,320,363
117,113,109,92,97,115,129,102,96,127,130,100,117,108,97,107,116,134,142,159
51,56,58,39,56,49,61,61,49,48,56,49,51,59,33,43,52,64,72,66
125,119,130,86,109,110,122,112,118,138,155,136,120,131,110,133,169,211,202,221
191,202,215,153,185,191,183,190,178,179,211,211,184,191,188,151,216,251,253,350
164,211,199,162,190,172,167,173,161,186,184,198,172,166,150,182,196,245,310,385
106,82,93,86,79,70,92,74,71,78,74,94,77,62,68,61,82,96,130,149
93,79,83,66,78,73,104,81,85,85,78,77,63,56,55,66,89,101,103,78
119,103,102,90,100,102,129,104,105,103,104,104,89,91,83,93,99,133,196,250
132,126,142,115,138,136,154,123,115,172,128,145,134,130,129,156,164,218,299,334
88,87,97,86,88,84,108,106,76,96,98,92,79,110,85,85,122,171,154,160
111,93,78,72,93,81,93,84,74,104,88,91,77,95,53,78,92,118,167,181
116,123,101,94,114,110,100,97,100,135,107,115,111,96,67,107,147,144,182,192
197,127,157,75,117,129,145,186,237,214,132,139,179,322,173,224,439,839,1483,1809
437,510,519,464,449,391,472,444,367,462,432,440,436,377,448,468,552,593,831,927
111,126,118,156,148,76,150,118,107,127,141,101,107,78,116,108,159,181,198,194
68,52,69,51,71,48,76,51,71,71,53,68,49,58,81,62,67,114,176,257
160,151,151,114,139,118,136,141,116,147,134,132,129,128,125,144,171,233,306,397
333,296,288,316,375,246,357,285,297,314,390,275,281,271,282,260,385,435,484,390
40,40,55,44,52,22,46,45,29,29,57,30,49,45,46,48,37,36,78,89
46,44,45,33,47,27,51,47,44,51,45,44,46,48,53,58,64,85,132,193
110,156,133,123,101,169,159,157,142,195,168,128,134,167,156,162,242,295,429,540
124,116,127,119,128,131,150,132,105,153,152,132,135,123,96,125,173,206,277,327
128,119,170,97,99,147,165,123,147,177,213,151,163,173,149,148,173,152,101,94
543,572,515,470,524,502,496,586,458,551,588,556,493,500,464,497,666,775,1023,1149
685,729,638,683,708,556,688,743,609,719,729,638,712,638,660,678,841,1019,1426,1599
162,146,156,113,126,127,145,146,144,163,170,139,128,154,131,163,219,265,368,418
115,123,121,101,122,95,113,114,112,127,102,144,105,107,92,97,156,194,242,313
86,112,82,81,58,50,94,71,98,99,84,80,67,79,72,96,146,145,233,319
168,222,147,158,177,147,122,152,130,178,198,216,188,158,162,223,235,287,414,567
108,89,113,79,106,93,111,99,66,105,93,103,85,106,72,76,102,134,154,147
239,212,213,177,196,204,243,228,175,267,230,222,203,232,186,215,270,354,502,645
118,115,111,96,119,99,109,118,96,136,127,121,111,97,80,113,143,199,293,272
26,18,13,14,22,10,9,22,4,23,15,14,20,20,19,22,34,56,43,20
6,7,11,12,9,3,5,6,4,5,8,11,7,12,6,6,11,14,19,23
218,325,255,225,224,232,237,290,249,333,265,313,341,318,245,300,437,548,853,1443
135,173,123,122,146,125,124,131,115,120,119,157,157,134,144,166,187,265,432,700
83,109,81,72,76,71,61,69,76,89,77,96,71,93,99,89,124,181,243,373
201,229,213,163,162,171,180,206,196,218,206,246,194,212,211,208,302,368,492,639
80,75,150,137,75,106,104,70,80,121,91,133,112,97,73,61,77,61,79,65
30,49,61,76,42,50,42,60,33,73,49,72,71,53,21,38,37,44,61,53
137,198,213,164,155,145,145,165,128,183,165,210,200,222,183,180,239,285,415,575
254,336,269,262,237,213,256,288,264,288,310,319,332,301,301,329,511,630,1119,1780
286,352,272,238,230,213,283,297,305,318,319,357,335,309,316,335,557,682,1236,2110
141,243,147,155,135,121,121,164,140,230,162,216,187,208,186,192,323,390,739,1248
45,60,64,125,53,87,25,133,41,142,76,50,89,209,82,194,117,644,878,359
61,72,53,56,45,52,51,58,60,91,51,69,86,83,66,76,99,146,231,363
83,83,92,66,70,59,89,77,64,80,81,81,81,77,84,85,107,136,273,374
515,482,594,483,494,565,524,532,555,663,510,582,571,562,711,723,1002,1431,2828,4243
57,74,88,85,64,88,83,77,78,125,70,74,83,73,114,83,169,223,472,746
133,99,113,83,101,156,108,101,120,143,93,118,114,100,126,173,218,276,485,875
811,866,948,752,738,760,777,880,844,1039,852,936,910,848,991,1173,1549,2345,4336,6132
902,994,1017,1067,940,898,976,1076,1069,1263,1041,1009,1034,950,1223,1187,1675,2336,4370,6852
144,126,167,146,140,144,167,176,164,243,140,186,165,153,222,229,291,443,788,1209
150,171,205,188,155,177,197,195,225,274,180,229,206,163,294,299,386,552,1177,1774
96,120,160,170,104,143,165,149,179,222,138,163,140,98,229,230,327,433,953,1503
681,719,701,706,680,659,704,790,696,831,751,703,752,655,790,826,1019,1296,2221,2995
694,760,752,746,713,706,750,812,712,902,762,732,785,698,843,838,1091,1381,2429,3312
642,690,651,620,656,617,652,715,604,779,668,636,708,646,714,706,899,1131,1854,2426
104,128,138,129,120,125,140,131,130,175,108,152,139,108,187,169,238,305,617,923
265,292,299,232,271,237,238,302,238,288,261,284,280,253,300,375,459,664,1192,1515
339,404,383,342,365,326,293,386,334,419,356,395,361,353,445,525,613,894,1641,2208
114,77,129,86,101,81,91,92,77,85,125,102,72,103,82,82,104,181,245,310
230,228,250,172,208,210,187,220,231,274,215,245,234,200,249,296,389,631,1135,1472
586,636,761,484,515,573,659,633,647,740,735,672,582,626,770,759,1006,1627,2778,4226
522,555,594,425,446,460,487,603,472,624,612,595,587,494,665,663,1041,1552,2866,4788
516,475,651,431,498,438,490,507,533,589,557,568,483,510,542,668,753,1160,1907,2526
4000,3876,5661,3542,4021,4019,4303,5876,4314,5437,5827,4524,5601,6592,5000,8181,7738,8413,11196,15176
2154,2030,2463,1835,2116,1932,2168,2577,2152,2657,2353,2274,2384,2557,2313,3012,3399,4589,7138,9603
2477,2476,3821,2365,2581,2657,2796,4158,2837,3620,4131,2991,3948,4775,3388,6129,5326,5252,6477,8703
109,138,173,184,134,145,129,150,185,232,171,188,191,142,232,222,367,634,1301,2368
84,112,147,163,104,119,104,128,164,195,143,152,161,117,203,188,314,591,1243,2281
467,456,529,368,439,430,378,501,700,586,358,467,522,624,626,669,1073,1739,3883,6584
1797,1732,2088,1647,1689,1587,1920,1972,1951,2261,1964,1916,1839,2032,1997,2442,2840,4484,7668,11188
951,827,1044,844,935,803,1051,990,1125,1122,971,984,988,901,1157,1203,1504,2451,4509,6621
204,225,323,289,256,235,234,272,363,427,364,316,296,312,415,401,650,1257,2748,4617
113,88,94,86,123,77,97,142,144,170,92,129,103,217,213,197,310,620,1161,2400
119,145,193,207,181,147,164,183,258,286,234,218,199,201,321,289,469,936,2006,3411
191,206,188,172,192,177,177,237,224,261,188,234,219,276,243,246,362,579,1032,1860
64,100,132,112,95,92,82,115,133,154,115,124,140,146,151,181,224,491,903,1796
228,198,225,157,218,186,173,253,212,287,198,267,206,273,243,278,388,657,1108,2058
409,385,407,295,465,368,386,476,366,595,386,486,414,566,512,556,813,1528,2508,4608
28,31,27,28,30,26,23,36,29,47,35,33,42,29,37,35,41,93,119,186
46,48,60,53,55,57,43,78,56,82,57,65,79,75,82,92,99,159,292,483
189,206,187,140,270,170,212,275,221,351,219,272,218,386,400,364,567,1226,1918,4112
329,386,340,252,471,335,358,480,393,548,412,489,411,608,645,666,915,2000,3117,6520
980,832,851,617,695,736,843,944,1138,1107,770,837,978,1414,940,1305,2004,3700,7563,8875
1000,892,893,594,686,714,847,992,1157,1130,796,920,994,1353,983,1221,2163,3482,6628,8655
287,312,281,245,256,224,288,323,290,331,284,303,293,293,292,327,462,670,1118,1554
193,249,123,126,112,144,131,187,148,198,137,221,146,160,135,169,265,349,585,983
108,108,110,63,88,74,110,107,110,137,97,135,108,136,137,157,262,361,826,1121
977,1271,958,784,844,895,998,1115,970,1142,1082,1168,1166,1107,1123,1168,1623,2069,3414,5304
349,356,354,330,354,288,339,405,328,399,374,319,332,359,303,361,510,643,895,1151
2069,2056,1777,1765,1970,1738,2073,2062,1826,2234,2113,2124,2035,1825,1827,2138,2863,3604,5654,6833
285,289,304,239,244,231,304,314,239,318,298,261,283,263,228,332,375,444,617,736
510,512,462,447,401,408,467,506,458,481,500,505,457,435,440,499,726,887,1445,1759
59,54,69,55,69,60,54,78,53,70,63,45,48,57,56,68,80,127,179,235
56,57,50,43,36,60,49,63,64,82,42,63,71,67,82,87,82,178,352,489
106,101,133,84,85,90,95,111,87,130,93,82,119,116,102,86,121,161,251,263
67,118,76,79,70,84,65,68,73,150,76,95,120,110,91,88,168,223,358,546
48,25,43,50,35,25,49,48,27,42,41,32,38,52,30,40,45,54,67,84
21,15,20,16,13,13,9,12,10,25,20,12,20,19,16,20,35,52,58,55
614,641,608,519,518,518,615,655,528,676,606,665,629,610,551,636,859,1173,1604,2092
83,90,70,59,72,61,69,84,59,75,64,69,79,63,72,68,95,122,152,203
1322,1413,1217,1188,1284,1063,1280,1491,1364,1597,1406,1288,1230,1303,1246,1396,1972,2313,3894,5485
209,232,177,175,220,166,202,217,187,258,215,196,202,203,192,241,325,373,615,891
22,18,27,22,17,19,22,20,19,34,17,23,20,31,24,32,30,59,75,77
301,301,254,212,226,246,290,301,227,265,268,272,251,241,215,264,346,425,657,903
240,283,241,206,259,243,256,278,224,276,275,279,250,282,307,307,418,630,911,1493
139,143,156,125,140,122,104,157,157,162,141,196,157,138,169,203,280,394,623,1081
194,209,192,176,174,188,191,204,179,194,237,207,207,208,230,223,350,467,753,1143
99,90,90,74,77,74,85,111,62,103,92,71,98,93,68,81,93,152,158,171
722,566,611,390,472,485,561,682,868,759,531,524,678,1071,625,829,1497,2682,4974,6269
682,710,668,621,687,572,616,742,571,756,699,648,719,676,633,674,791,1022,1421,1552
53,65,50,44,49,49,51,61,46,75,70,60,66,82,51,69,103,129,206,280
277,269,299,256,266,256,274,271,246,300,277,315,312,299,276,325,361,496,675,667
112,93,106,88,92,110,114,114,99,128,123,89,117,98,99,127,177,204,264,253
118,120,104,92,86,95,111,114,109,131,151,133,148,141,110,125,198,281,439,497
72,84,87,53,61,65,78,92,59,96,67,88,72,109,63,54,107,160,207,256
21,13,21,11,6,8,17,10,17,8,10,26,13,19,10,18,19,37,35,39
60,61,54,56,65,58,70,72,44,68,64,60,44,59,46,57,65,83,91,105
58,63,57,54,37,48,63,64,48,67,48,58,70,60,61,63,86,141,174,184
31,37,32,37,29,30,41,35,33,57,31,31,48,47,34,57,63,89,124,153
39,40,26,33,23,29,30,27,32,53,24,40,47,45,28,40,23,60,106,111
149,166,151,133,151,127,139,142,121,209,170,154,159,128,101,163,188,264,344,366
37,29,33,23,31,18,31,41,33,37,29,40,30,35,18,26,43,62,63,56
59,37,31,46,51,44,43,52,37,51,38,30,47,45,36,71,59,93,108,141
136,145,144,122,111,131,143,142,123,175,130,187,162,151,140,139,209,322,465,604
66,41,35,55,53,45,38,39,36,50,41,35,40,44,11,62,52,79,61,90
52,48,54,49,28,35,46,82,39,46,42,46,80,69,64,90,82,108,153,172
345,262,235,258,321,296,229,253,271,294,261,218,294,297,252,382,341,481,531,650
58,54,80,69,79,62,57,73,54,73,75,48,45,66,49,57,66,121,100,93
27,23,21,22,26,20,27,27,21,21,16,16,22,16,13,16,18,45,27,24
130,150,119,107,105,120,109,138,104,130,122,105,120,114,110,124,180,227,289,353
53,58,66,56,82,50,54,82,55,75,66,69,50,72,61,59,104,131,124,118
247,237,279,210,253,254,247,264,219,249,277,269,252,255,241,218,273,300,215,271
28,34,31,22,20,28,32,29,25,40,34,26,33,27,22,27,39,53,31,33
25,29,22,14,27,30,22,19,14,38,23,34,27,22,10,18,16,40,50,38
26,20,12,22,19,13,20,12,15,23,17,11,16,23,21,24,26,47,36,29
45,56,52,45,37,44,45,45,38,48,48,59,44,48,33,51,49,91,100,115
255,287,343,251,258,263,293,279,247,362,366,273,298,322,290,304,363,414,351,422
274,322,288,264,289,289,304,332,261,360,297,334,316,298,279,341,408,600,913,1204
32,26,35,32,29,32,28,26,29,37,28,26,22,24,18,31,33,55,62,24
35,34,44,49,32,38,52,49,37,49,47,26,35,36,35,42,66,99,100,154
1092,1204,897,802,1028,1026,922,1018,806,1368,1156,900,1097,1025,1028,1008,1545,2108,3021,3453
282,327,222,194,236,284,244,270,202,314,311,279,283,232,259,237,380,442,562,581
937,1071,797,693,812,798,806,932,698,1140,870,643,996,896,907,877,1276,1807,3111,3297
469,488,386,300,450,391,354,392,347,537,376,266,479,374,441,432,626,1023,1654,2041
185,209,162,152,163,169,143,165,143,230,186,111,218,184,227,172,298,394,743,829
107,115,88,83,91,106,75,123,77,138,113,94,103,78,107,83,158,208,224,314
659,688,588,484,594,568,516,564,484,736,678,607,615,468,431,493,707,826,1018,948
543,665,507,441,509,531,530,494,437,658,624,617,563,447,404,481,681,770,956,1143
112,107,98,60,105,116,88,107,57,147,139,104,103,94,101,88,156,190,280,221
111,120,103,68,95,133,124,94,69,150,169,114,115,113,101,118,172,171,283,212
141,150,157,120,145,117,154,155,127,155,183,160,144,151,109,127,185,211,191,162
72,50,37,49,29,40,73,42,41,45,43,68,46,29,28,43,106,49,37,7
169,167,142,118,114,122,171,119,118,138,137,157,145,100,105,111,224,188,189,163
132,141,122,102,110,141,137,161,116,143,138,142,148,148,157,145,224,347,568,875
449,504,435,376,482,454,488,585,438,559,601,500,499,524,569,536,797,1011,1492,1926
1818,1820,1871,1480,1691,1564,1874,1877,1611,2044,1925,1732,1726,1714,1735,1965,2608,3473,4990,6311
370,389,394,261,337,319,358,406,309,383,396,327,332,303,345,383,482,580,808,987
528,482,624,358,348,588,645,478,533,722,829,526,669,641,609,580,722,589,249,243
440,681,504,370,436,393,473,483,453,440,431,442,402,410,389,448,686,762,1039,1340
95,83,97,77,78,89,110,102,90,104,109,90,98,92,78,99,121,127,121,127
102,91,103,94,102,111,97,115,79,119,94,116,83,117,100,111,125,146,208,236
1192,1118,1418,1052,1016,1173,1415,1139,1225,1403,1559,1189,1322,1320,1227,1228,1469,1506,1289,1575
877,755,971,687,716,909,1072,775,910,1093,1263,863,941,967,877,902,1196,1118,855,824
110,71,81,69,44,74,113,57,63,80,65,121,90,53,41,68,154,87,58,33
159,104,120,107,69,125,153,105,94,113,111,182,129,97,80,100,223,140,135,77
123,112,138,99,125,99,139,118,115,135,159,120,117,124,135,117,154,199,282,402
164,138,173,124,137,163,209,164,165,199,237,183,174,187,170,149,215,232,184,233
1071,1100,1124,950,1056,994,1104,1232,1032,1253,1085,1105,1098,1017,1201,1331,1683,2330,3915,5222
388,368,373,292,369,376,396,437,350,503,374,398,417,396,440,511,709,917,1449,1916
349,404,392,347,344,338,366,403,376,453,397,413,371,402,383,424,573,796,1241,1518
815,1077,752,575,704,797,801,939,838,867,934,884,963,814,931,992,1242,1788,3243,4699
69,74,69,35,59,52,61,100,70,69,77,71,91,104,63,71,119,190,202,291
198,257,222,188,203,230,224,227,243,267,228,270,237,216,271,308,396,498,974,1336
306,329,334,257,310,282,301,337,271,359,319,301,314,341,323,352,492,618,1116,1343
675,786,702,549,610,594,645,742,555,790,689,666,754,594,660,776,1019,1354,2139,3204
489,490,504,350,399,303,454,337,369,378,391,353,345,278,276,272,450,460,595,553
492,577,445,361,380,439,373,501,427,501,480,480,559,439,506,573,814,1059,1907,3227
204,203,247,99,180,187,175,206,153,188,145,144,185,148,148,217,255,414,683,886
62,68,40,46,54,58,71,49,46,70,62,59,65,39,51,53,101,129,181,266
70,83,53,60,69,71,69,84,45,80,77,65,71,66,57,62,94,133,180,190
429,484,377,336,378,370,397,447,367,535,422,374,442,392,454,454,614,899,1511,1836
72,90,82,58,80,86,79,93,81,101,102,76,88,88,79,76,159,177,223,270
65,66,64,46,72,61,62,74,67,83,81,83,66,73,73,63,125,132,194,202
68,67,95,80,70,36,91,61,64,65,67,53,61,53,48,67,81,107,93,105
1144,1098,1076,892,1036,929,1101,1162,991,1214,1185,1066,1144,1055,1157,1324,1749,2404,3663,5238
683,644,645,586,649,623,686,785,607,761,737,720,701,675,680,757,987,1344,2164,2608
243,235,190,167,213,176,176,198,171,213,186,200,235,179,186,247,328,540,836,1243
368,374,340,263,281,311,312,347,311,352,344,384,345,331,332,433,590,950,1552,2532
213,200,182,128,178,158,174,219,194,207,216,205,223,223,209,223,342,607,866,1373
211,229,185,185,191,171,204,219,173,225,208,185,227,206,182,290,319,448,783,1255
155,114,114,109,99,83,105,118,108,134,119,140,114,118,114,171,190,352,520,798
121,98,90,90,107,77,101,108,89,107,92,120,101,78,96,139,181,299,508,810
241,250,229,182,214,219,196,213,200,245,200,216,305,182,221,298,382,519,791,1058
71,95,93,66,64,76,71,92,86,103,89,87,89,81,135,117,153,210,430,546
92,109,73,71,72,82,85,115,90,92,88,97,100,83,93,105,144,212,380,509
92,105,85,63,75,86,83,110,89,110,111,104,104,98,105,113,143,205,377,496
36,38,45,28,33,44,44,36,28,56,55,36,41,37,35,32,47,52,29,33
1032,918,923,834,865,806,877,927,879,1011,979,828,807,833,750,921,1155,1354,1641,1816
117,103,114,114,101,104,148,110,81,131,144,86,80,102,82,116,117,175,159,162
47,44,38,45,42,40,58,32,38,62,56,45,37,65,45,56,73,118,151,205
102,87,81,84,95,83,100,91,84,123,119,111,74,100,98,126,172,210,274,358
299,241,222,227,250,218,233,241,215,216,232,213,183,192,180,257,314,391,477,520
80,95,98,90,72,80,101,107,75,94,74,95,85,87,80,64,105,101,111,67
241,217,211,167,178,154,199,149,171,191,165,173,181,145,131,148,208,251,330,404
2832,3059,3034,2347,2623,2628,3224,3007,2589,3223,3141,3042,2977,2736,2680,2866,3620,4313,5260,5654
654,727,819,698,683,664,816,739,713,791,866,779,766,843,675,726,826,882,791,804
281,207,223,245,227,215,278,219,232,285,245,210,242,190,180,215,284,255,344,204
442,450,387,387,435,359,424,421,354,459,440,406,377,337,275,384,460,463,606,519
1205,1064,1049,984,1099,946,1101,1184,876,1109,1109,1048,1006,1034,911,995,1195,1505,2044,2350
3188,3765,4802,3077,2857,3803,4322,3563,3514,4081,4758,4446,4720,4538,3785,3678,4036,3355,1371,1284
354,376,539,335,322,442,473,407,402,472,579,508,536,567,433,426,476,391,92,83
305,395,471,317,307,378,386,391,323,378,444,484,447,483,352,386,429,350,197,212
298,401,578,414,410,392,434,457,340,322,423,652,512,620,382,383,435,372,141,162
157,238,267,235,250,205,188,236,162,149,158,328,248,299,185,160,186,218,185,218
352,357,479,258,255,415,461,358,367,486,629,425,471,500,442,427,506,388,117,88
329,475,573,378,328,429,480,399,417,438,535,460,526,539,472,491,455,363,154,187
208,266,297,225,192,224,273,233,223,259,293,250,265,287,243,264,250,231,137,140
814,973,1205,784,735,986,1066,882,908,1027,1209,995,1122,1141,1000,991,1047,846,387,373
103,117,130,94,89,96,108,93,97,77,102,94,110,111,87,105,86,92,36,27
50,47,81,43,58,87,66,56,64,83,84,67,58,61,46,54,58,91,29,41
460,555,754,442,388,575,652,504,550,637,771,565,679,703,614,604,586,444,53,62
526,538,571,451,516,463,550,533,531,592,493,542,521,511,512,527,667,876,1230,1781
255,309,284,240,282,297,295,278,221,302,304,305,284,291,273,296,316,402,552,618
158,191,203,153,198,203,223,181,147,179,190,161,165,148,177,196,207,312,336,344
416,405,323,382,380,314,396,332,313,380,371,363,312,294,270,360,493,565,730,822
822,855,835,827,869,721,911,928,764,899,949,809,874,790,815,853,1028,1282,1686,1836
765,775,723,704,756,634,736,827,672,811,820,711,766,698,700,731,896,1089,1449,1550
121,145,107,94,101,98,95,108,91,146,147,104,103,81,83,100,162,179,217,223
98,81,87,95,87,77,120,98,84,103,114,73,75,100,94,98,108,123,192,160
274,267,256,210,244,191,293,204,200,247,205,247,226,178,167,186,267,285,393,369
452,459,481,407,467,422,481,536,381,550,555,499,551,485,442,536,667,779,1119,1376
438,371,469,311,331,260,446,294,380,303,282,325,324,247,256,204,328,317,407,360
635,664,791,573,614,664,750,644,646,732,795,743,751,754,590,644,747,660,504,445
869,811,971,649,702,929,921,811,752,929,1041,821,902,834,798,773,931,945,721,822
142,103,83,54,85,94,86,87,71,109,119,90,74,85,68,78,95,95,88,58
15,19,25,19,19,14,24,33,16,29,16,29,18,33,17,8,14,21,17,14
40,40,42,33,45,33,32,37,37,53,45,53,38,31,44,27,44,46,66,62
864,794,978,747,796,791,877,991,822,938,881,877,891,886,829,941,1126,1457,1941,2356
114,91,97,88,110,90,125,129,102,110,107,134,93,104,101,120,170,221,324,400
892,998,1007,808,892,841,917,1041,872,1114,1013,1063,1014,1007,960,1085,1465,1937,2948,3992
149,151,150,111,122,127,143,152,121,162,153,156,166,146,157,184,220,316,541,703
84,78,116,77,87,69,96,95,81,94,90,99,80,98,93,121,130,199,293,424
204,243,186,150,174,160,203,188,203,228,207,221,256,210,223,227,341,447,774,1219
181,162,192,165,179,175,177,232,188,234,203,190,208,208,200,254,313,429,756,1070
101,97,107,69,99,103,117,94,65,99,83,89,98,91,96,90,101,151,217,262
119,120,114,100,114,109,135,118,99,146,149,132,128,143,133,137,173,258,400,616
106,93,99,78,90,88,109,103,54,96,97,90,72,108,64,65,106,131,133,129
704,574,645,518,581,570,621,585,557,688,604,544,634,539,537,594,698,974,1158,1299
333,351,280,256,278,259,310,322,245,318,319,300,321,300,267,270,371,425,553,519
920,877,736,762,855,751,919,869,703,975,876,812,835,673,630,715,956,1076,1498,1566
180,129,137,109,144,94,148,126,96,143,132,111,98,105,93,93,124,146,182,159
261,233,251,205,266,230,233,222,204,262,254,212,236,230,194,229,270,326,405,441
562,585,521,496,577,520,562,599,494,635,569,579,547,541,456,547,735,913,1126,1284
58,50,54,75,58,44,61,69,49,58,53,47,68,66,45,61,58,77,90,69
170,117,156,109,145,99,132,133,115,140,128,140,114,126,129,111,133,188,226,279
106,83,100,74,87,64,92,92,79,89,100,84,85,104,74,87,108,136,203,193
634,635,711,564,607,567,637,678,547,669,616,588,588,612,520,623,714,942,1312,1525
177,178,195,133,159,163,183,183,163,179,177,139,133,171,124,152,173,267,358,380
209,221,228,158,162,169,204,200,170,215,174,164,174,169,181,171,228,301,384,497
132,133,123,109,132,115,115,140,100,133,129,125,114,128,101,118,138,163,301,272
274,264,310,247,258,253,265,272,234,241,271,324,275,321,242,281,324,370,427,509
110,103,113,88,99,102,95,136,94,102,116,125,97,119,91,118,150,186,283,368
761,744,795,664,682,667,775,785,659,812,798,797,742,744,725,833,1005,1363,1982,2577
157,161,145,117,143,148,145,180,152,184,142,177,172,174,168,194,281,386,622,854
226,247,250,214,208,225,264,232,221,292,270,272,245,283,260,248,362,444,649,848
88,101,115,81,95,79,96,105,102,95,96,122,112,99,84,104,102,126,193,224
42,62,56,52,39,39,38,47,53,52,50,67,62,55,40,49,49,62,68,108
88,127,107,72,105,109,88,103,98,104,97,123,121,107,83,101,144,159,239,320
187,195,163,132,145,135,171,188,152,179,160,169,168,163,164,171,227,296,457,587
708,731,729,638,680,632,694,733,602,732,750,759,732,694,702,762,907,1109,1688,1983
214,212,215,166,198,194,228,273,184,204,218,193,224,233,221,190,274,347,424,562
52,47,58,51,53,54,49,63,45,63,57,65,65,60,59,66,92,71,55,58
243,249,275,192,246,220,242,274,235,272,292,248,245,236,199,259,344,455,608,673
38,34,48,29,34,48,42,51,30,50,56,157,162,48,61,51,71,66,30,29
413,425,425,385,401,375,416,441,356,445,443,441,439,413,377,431,496,606,777,996
398,390,388,354,367,322,362,396,330,403,405,374,395,359,331,365,483,513,732,977
198,211,249,185,209,191,199,211,182,202,213,217,208,230,203,220,236,275,274,269
145,139,128,95,116,103,131,130,129,116,123,129,128,114,112,100,139,190,229,233
427,407,475,361,381,401,424,438,383,460,409,427,389,426,427,474,497,745,1135,1672
329,360,396,256,285,316,340,337,299,361,392,350,352,353,296,298,390,408,377,432
86,74,76,77,80,76,81,71,82,87,76,69,81,64,47,70,88,88,128,101
149,166,222,145,136,179,193,161,157,186,221,185,199,209,176,168,182,129,38,35
124,140,181,123,128,160,152,132,139,169,166,150,170,181,152,155,179,178,167,186
80,84,83,59,86,64,77,73,65,67,79,73,75,67,51,79,98,93,80,67
48,60,41,40,46,37,33,53,53,63,33,51,43,55,50,66,83,157,257,390
88,104,88,52,73,77,71,115,71,84,77,92,98,66,72,105,110,157,227,249
282,260,253,199,219,250,285,331,236,301,268,275,296,285,292,345,435,570,875,1176
618,649,735,492,536,556,649,633,625,757,681,710,686,747,673,825,985,1500,2366,3370
10,15,30,23,22,12,10,32,18,22,23,25,17,24,9,17,18,37,46,60
137,101,70,105,123,119,63,65,101,122,92,94,89,104,78,135,113,150,111,219
236,256,233,225,245,229,238,251,201,261,244,252,248,258,179,239,276,368,396,418
185,237,294,198,208,210,231,223,209,225,252,260,245,259,222,243,267,293,300,410
74,77,76,68,67,84,84,82,68,89,101,80,76,80,70,83,79,130,145,183
54,71,86,76,71,54,84,116,52,77,80,100,90,76,76,68,117,132,127,181
1445,1396,1474,1212,1296,1224,1381,1452,1311,1640,1450,1478,1376,1362,1329,1567,1948,2579,3993,5310
1980,1982,2037,1714,1819,1776,2041,2023,1846,2181,2011,2149,2049,2067,1853,2177,2625,3396,4834,6295
1874,1790,1910,1483,1691,1639,1839,1969,1669,2019,1889,1841,1830,1856,1833,1992,2444,3251,4846,6405
455,583,429,390,411,440,462,511,355,505,486,506,486,400,356,471,615,735,1213,1365
82,112,113,100,93,89,102,117,85,111,106,121,109,116,99,102,131,157,187,242
139,163,136,99,130,142,94,132,113,171,159,165,159,146,87,125,181,219,292,258
258,280,273,211,239,225,268,279,234,270,291,247,286,267,242,252,326,360,409,443
643,659,661,559,522,460,650,553,525,606,523,573,558,464,489,439,695,778,1052,1110
113,119,113,105,113,94,129,128,110,123,97,131,88,92,77,115,149,173,231,239
514,480,520,362,561,428,450,610,487,689,505,605,488,747,709,746,1091,2006,3371,6587
307,313,329,261,294,230,292,302,256,276,292,297,299,286,258,246,313,344,375,413
385,486,372,347,477,355,445,467,462,540,497,510,486,483,515,553,798,1224,2182,3541
162,140,136,111,153,102,116,154,119,144,140,110,160,148,122,161,165,233,227,269
248,313,263,234,277,265,301,270,252,298,253,339,265,282,219,279,331,491,660,750
173,167,158,133,149,171,151,211,131,166,165,144,143,133,152,166,231,288,347,402
249,237,234,216,215,249,226,292,197,240,222,262,221,201,236,262,362,450,689,842
114,167,121,103,89,91,124,137,117,123,129,158,111,121,122,136,206,287,450,565
50,73,49,45,38,33,33,55,49,59,45,68,55,53,51,38,92,107,183,289
24,22,31,22,30,22,20,18,28,37,21,29,31,32,14,42,30,72,74,78
41,57,67,52,43,45,40,57,40,94,58,49,72,83,78,81,101,196,301,276
5,8,11,8,11,5,3,15,13,13,9,8,10,9,4,5,7,22,11,4
265,313,282,242,293,271,302,356,264,345,335,350,327,310,331,358,444,626,976,1192
110,130,116,90,109,106,105,103,84,132,132,95,118,114,105,104,151,222,334,466
211,194,221,149,180,202,234,231,187,263,256,249,226,232,225,269,296,424,661,955
344,441,354,274,309,342,312,390,370,392,371,395,410,346,350,390,572,668,1166,1744
240,282,261,212,246,233,251,263,243,258,256,295,276,245,233,250,340,444,705,971
140,100,155,115,109,117,119,121,117,163,118,125,121,86,134,140,231,286,552,887
83,57,80,59,61,77,66,72,77,82,78,68,70,53,70,71,96,99,150,206
51,46,50,51,61,52,44,58,31,54,47,51,49,45,47,40,63,106,111,126
283,271,279,230,244,217,273,261,243,281,253,248,245,291,231,272,310,394,511,596
308,282,306,243,297,259,332,324,279,298,296,302,271,277,228,307,336,464,656,862
457,422,467,385,427,392,490,451,407,536,473,432,434,463,445,480,626,838,1213,1671
151,151,135,113,166,122,124,139,120,167,171,148,160,132,113,142,168,223,282,307
244,185,222,178,202,212,231,213,189,265,227,222,208,210,224,235,321,415,609,868
297,320,324,270,323,267,347,330,283,322,291,329,329,346,265,331,392,531,797,1067
133,169,158,131,122,104,144,122,134,151,118,129,138,123,106,132,148,196,291,322
364,340,373,305,346,327,319,378,323,379,341,388,357,343,338,341,481,633,862,1080
134,149,211,166,184,141,182,162,161,142,122,209,152,188,147,179,164,195,238,272
217,230,214,176,198,207,210,197,171,237,207,206,195,187,172,203,234,319,411,484
315,302,307,259,315,303,333,335,315,354,328,290,302,327,282,321,398,485,618,755
179,189,245,147,182,176,227,211,182,187,179,179,187,229,147,213,200,278,326,329
44,51,68,43,55,49,59,55,35,41,43,46,51,47,40,46,45,50,45,50
45,62,62,29,40,40,62,54,63,55,48,56,61,46,40,65,62,105,147,218
88,90,84,89,91,81,97,88,74,106,91,93,98,80,73,97,112,141,180,245
152,156,119,150,135,120,160,162,135,140,160,138,143,102,94,144,177,218,271,286
359,253,252,278,281,251,327,325,292,392,323,308,322,275,236,314,363,447,686,704
198,204,189,154,169,156,195,223,157,227,196,239,196,204,172,224,303,388,710,941
51,61,68,54,57,54,55,49,55,81,56,63,67,73,80,84,116,177,247,324
48,44,60,60,59,27,50,73,31,52,53,30,30,61,54,32,59,88,69,49
149,150,168,146,130,127,121,148,137,174,172,157,162,159,186,237,284,429,758,981
227,204,207,175,212,195,212,224,190,239,215,224,202,187,217,249,328,407,628,747
922,1058,868,749,850,892,859,867,799,936,893,830,1185,769,784,1221,1477,1860,3077,4511
584,625,570,525,586,516,587,668,554,668,642,649,585,616,562,647,748,983,1341,1740
928,1048,1222,813,914,1037,1137,1018,943,1059,1259,1122,1187,1232,1016,1031,1105,1093,710,710
194,221,198,208,170,148,191,222,228,224,200,267,191,189,259,216,323,449,881,1428
120,136,113,123,93,75,112,115,151,131,121,178,115,121,170,114,181,265,575,952
204,213,233,175,205,202,234,243,189,234,213,218,218,194,218,215,293,422,656,841
136,173,162,138,126,100,167,167,154,158,161,167,137,145,141,155,220,265,394,437
131,127,123,96,120,103,125,132,109,147,144,141,131,127,135,117,197,218,289,267
118,88,117,90,90,110,116,111,92,113,124,113,114,116,97,116,118,133,134,153
203,203,186,160,186,177,205,152,180,200,196,184,168,152,136,150,196,233,294,348
76,63,53,42,63,58,51,83,40,77,65,55,54,64,59,68,87,128,139,214
111,115,118,107,115,107,137,102,106,132,107,128,103,104,103,110,142,162,222,238
1705,1825,1676,1425,1681,1562,1704,1800,1586,1880,1718,1737,1659,1657,1573,1835,2322,3023,4424,5603
885,889,941,740,880,851,943,960,805,1036,992,905,900,946,878,952,1199,1549,2136,2587
234,236,206,183,217,173,245,211,179,233,223,228,206,202,167,229,261,335,454,625
60,46,71,55,61,53,69,71,49,80,62,72,69,72,54,78,89,106,153,153
316,225,258,216,256,217,249,293,204,247,250,256,194,238,207,210,250,340,409,502
74,67,76,55,66,61,68,62,65,70,61,56,59,83,46,64,79,111,172,173
263,288,254,229,272,244,240,281,223,282,264,278,271,239,226,242,308,352,428,504
165,185,182,158,189,156,229,202,153,210,222,166,182,140,170,186,231,267,338,414
57,56,73,47,53,48,54,68,53,53,63,53,58,72,59,76,78,104,130,186
114,77,97,93,100,77,100,89,86,102,106,87,86,92,85,104,134,130,126,124
136,146,129,100,124,131,142,175,135,148,152,143,176,158,146,142,238,385,573,745
26,28,38,28,25,23,39,27,22,21,26,20,24,19,17,26,33,55,54,57
159,140,127,125,166,163,144,167,81,145,136,128,99,149,112,114,142,195,211,234
51,36,67,29,42,51,44,42,44,42,36,42,30,41,34,44,38,63,95,113
87,67,84,55,73,65,74,76,72,80,67,66,68,66,58,69,99,178,320,500
87,99,110,90,94,80,108,114,81,96,81,113,85,116,71,93,130,145,209,225
305,304,307,236,278,277,278,307,270,308,328,290,287,318,270,275,334,409,465,563
289,314,256,204,242,246,251,300,272,281,287,285,298,256,270,296,383,529,834,1133
449,455,432,384,424,438,451,450,385,531,473,470,453,390,416,429,537,693,1057,1316
240,210,215,183,207,206,204,220,192,257,258,229,207,197,194,202,289,308,424,449
116,117,113,101,99,93,105,122,90,128,123,106,123,100,89,141,153,164,235,285
67,93,84,56,59,50,63,69,53,66,57,70,69,74,55,80,90,126,134,232
91,92,81,60,58,88,79,75,57,98,102,84,101,71,76,75,99,100,93,76
151,189,169,165,159,149,193,188,151,183,181,166,160,165,127,174,177,195,247,203
123,127,126,117,121,109,119,127,103,160,128,135,138,107,114,162,209,243,314,411
371,346,362,292,329,290,367,329,325,381,346,341,314,337,269,279,359,369,435,328
131,178,170,155,141,145,159,179,147,168,135,182,165,167,163,200,246,367,574,806
171,161,173,143,145,130,153,167,149,181,157,175,161,143,139,164,241,310,432,500
1042,1131,984,756,947,974,906,1095,808,1242,1112,904,1096,1008,1000,982,1541,2116,2921,3582
35,56,49,55,35,30,48,39,50,54,62,44,41,51,58,59,95,109,178,267
39,32,44,30,46,28,47,41,27,42,30,46,35,30,23,43,38,59,79,76
42,50,40,33,35,27,36,33,53,34,21,35,31,31,27,30,34,54,98,132
17,22,17,15,21,22,20,26,12,28,22,22,27,26,14,25,24,45,45,39
80,86,83,77,63,69,72,69,104,114,94,91,89,92,94,101,153,203,344,486
140,248,165,134,135,163,156,204,122,190,172,221,217,164,153,188,296,366,695,863
2403,2596,2461,2055,2291,2220,2525,2667,2311,2815,2494,2593,2490,2363,2623,2923,3687,5170,8415,12376
96,78,93,66,78,74,88,92,87,92,99,93,70,88,85,93,115,188,216,236
1245,1297,1134,1048,1234,1082,1201,1355,1054,1329,1260,1177,1213,1118,1174,1248,1524,1959,2899,3731
258,258,295,264,341,235,260,382,380,417,333,382,284,422,473,480,715,1379,2545,4701
89,75,68,47,72,79,41,60,31,96,82,73,62,49,55,52,65,66,103,71
119,25,23,68,96,69,47,50,44,66,42,7,42,47,9,120,65,99,22,26
499,559,388,338,428,462,414,490,369,574,515,440,508,443,463,447,686,922,1469,1853
710,769,675,606,706,622,689,851,651,744,790,679,784,708,693,713,878,1189,1547,1763
388,474,433,364,394,410,423,618,417,506,572,472,542,578,555,569,772,1031,1486,1727
148,126,122,102,116,123,145,149,107,154,156,140,137,137,123,132,194,209,327,392
348,476,338,289,344,380,361,456,322,426,432,475,477,356,377,426,625,819,1367,1656
89,105,139,90,97,98,99,76,49,60,57,52,57,127,116,103,77,40,22,31
278,244,254,205,273,199,249,293,269,345,273,246,271,240,276,293,416,502,728,936
121,126,97,110,110,98,88,108,112,130,126,112,125,112,111,112,137,224,275,340
45,35,45,43,29,17,63,29,31,48,43,26,27,30,25,39,39,55,60,64
200,208,187,168,192,164,198,213,172,221,197,179,202,200,187,188,230,237,307,321
716,657,613,555,581,487,696,613,566,674,643,574,578,541,467,571,730,887,1123,1291
87,111,95,82,111,93,96,110,85,114,88,100,92,94,93,96,122,137,205,189
295,231,271,222,261,260,287,256,258,291,281,251,261,259,236,257,302,353,444,527
2276,2335,2174,2036,2226,1883,2200,2581,2080,2630,2380,2172,2236,2179,2206,2384,3335,4141,6383,8732
293,314,357,267,265,269,303,318,347,368,293,281,322,294,346,400,528,656,1170,1484
293,219,320,244,238,239,235,264,288,308,317,275,262,249,306,277,331,478,754,930
2034,2120,1948,1820,1950,1650,1953,2073,1954,2219,2126,2122,2057,1963,2025,2228,2771,3758,6252,8459
116,114,102,97,94,72,131,78,91,95,82,90,83,70,67,73,112,99,130,106
345,371,376,301,295,301,344,376,307,381,354,381,326,346,354,410,502,703,1212,1677
126,97,121,82,111,80,96,119,68,98,111,93,77,93,83,85,106,135,158,187
99,64,52,57,86,72,47,65,64,62,59,39,57,59,47,107,98,132,129,193
271,292,246,205,229,246,280,275,228,340,246,273,265,284,290,304,460,689,1165,1709
95,101,79,55,81,98,59,71,43,114,91,85,83,50,51,51,79,105,117,88
99,105,86,73,84,96,88,98,58,105,115,98,94,80,84,86,131,165,208,205
886,964,788,754,900,794,909,951,810,989,944,898,902,738,861,997,1317,1664,2525,3160
507,549,449,402,494,471,515,539,456,518,498,513,500,433,511,585,742,916,1476,1895
832,771,671,666,729,604,811,732,728,818,742,758,752,659,532,723,935,995,1446,1363
48,19,25,28,54,70,51,26,41,34,47,33,61,47,48,35,28,23,12,7
63,60,68,63,70,63,62,81,61,91,91,85,63,95,66,84,124,131,147,208
11,6,19,8,8,9,10,17,7,16,12,10,8,5,2,3,9,16,10,13
85,94,80,69,98,91,97,117,91,127,91,86,101,104,93,108,169,240,333,467
25,19,35,21,33,20,15,27,28,29,29,20,22,24,18,20,33,44,32,27
652,698,630,564,656,573,618,789,589,684,723,626,711,677,641,659,808,1044,1357,1602
412,347,439,320,364,362,405,375,416,410,307,372,378,345,414,374,443,630,891,1034
1959,1876,1876,1704,1880,1715,2023,1965,1703,2004,2185,1928,1877,1849,1763,2015,2336,2691,3600,4065
34,42,40,25,32,37,42,46,40,43,50,46,38,33,34,31,49,54,54,62
279,287,344,234,251,282,317,277,266,334,344,303,331,322,279,312,344,313,219,283
57,35,38,48,53,48,44,40,34,60,46,41,44,40,38,70,76,75,68,98
41,36,45,29,36,38,50,28,28,49,34,45,31,38,26,25,38,53,44,40
470,514,540,385,403,475,552,462,465,527,649,483,541,514,508,472,578,513,352,353
42,28,31,36,28,28,36,41,30,33,31,27,37,37,30,28,40,64,62,81
81,69,82,69,69,79,67,84,62,71,88,96,76,75,83,85,143,231,370,623
259,203,239,166,207,169,260,228,213,260,235,245,234,239,256,296,332,510,923,1348
49,59,60,53,57,54,49,59,47,66,79,45,49,56,68,50,78,126,141,165
591,744,553,474,569,556,577,562,535,810,640,516,635,488,557,633,919,1100,1746,2010
69,81,81,72,75,70,80,87,56,82,92,106,91,95,58,69,100,115,130,164
69,109,73,89,73,63,72,76,61,76,88,92,90,87,93,110,117,99,195,273
680,755,705,658,734,661,724,790,649,821,721,717,768,708,786,781,996,1244,2066,2759
141,137,151,134,130,114,152,159,137,154,155,161,153,132,135,173,195,317,457,623
138,156,168,116,137,138,160,161,144,164,188,152,178,159,157,187,207,215,284,383
352,415,360,290,312,294,363,338,327,341,338,352,345,329,318,343,471,557,826,1051
295,239,287,221,235,254,265,272,215,270,247,266,246,212,240,255,329,409,581,834
105,96,88,68,96,79,85,83,78,88,93,92,96,83,72,93,124,185,258,406
117,126,123,90,100,81,123,103,103,116,97,95,96,115,94,107,120,193,238,342
293,287,287,222,258,254,274,302,244,283,289,286,278,254,273,284,411,506,748,1105
75,67,74,55,77,71,63,63,55,84,73,64,79,59,49,67,85,126,133,192
67,66,54,48,63,66,45,72,50,55,45,53,53,42,62,38,56,78,102,111
63,56,53,50,51,45,65,67,49,58,43,59,50,56,38,53,73,109,129,131
125,94,92,93,106,78,100,104,85,91,110,84,98,77,72,76,111,134,133,135
123,143,112,108,105,106,99,118,127,180,126,110,131,147,111,144,198,326,450,610
143,160,120,119,114,114,114,143,142,191,155,140,159,116,112,147,231,264,454,442
286,307,221,218,216,227,255,229,233,235,244,245,265,207,206,257,374,399,559,738
131,117,98,95,126,106,126,123,99,148,143,117,111,129,111,137,167,231,310,425
165,175,144,152,150,130,206,156,141,173,160,147,147,132,133,142,203,193,239,241
630,600,562,428,477,405,595,505,462,522,440,518,530,418,373,402,593,694,887,896
112,126,112,93,104,69,124,102,72,129,97,104,93,76,63,65,127,129,163,134
198,386,248,190,186,171,226,202,256,239,236,196,160,212,178,251,371,341,484,732
96,118,149,104,113,111,137,134,100,121,149,123,120,136,125,100,152,171,167,208
169,156,166,121,144,134,175,171,153,180,159,166,157,146,156,142,168,262,360,489
168,161,139,120,157,162,107,131,90,210,166,139,155,122,95,132,173,233,257,231
44,43,53,38,35,34,48,52,38,47,61,36,42,41,44,54,53,73,64,64
229,221,228,205,208,197,217,250,216,225,230,226,229,237,208,247,301,346,561,705
80,74,51,63,78,82,79,81,49,94,80,54,109,76,60,80,111,153,182,176
1392,1172,1335,1115,1273,1084,1353,1394,1274,1531,1299,1288,1274,1319,1096,1396,1652,2192,3122,3540
227,198,206,185,200,171,236,227,194,219,217,202,213,199,171,223,265,312,486,507
88,119,97,84,97,79,109,119,104,111,115,119,100,101,89,112,160,178,247,266
638,749,720,610,658,640,752,690,619,717,711,707,664,601,552,652,833,724,754,751
127,117,125,87,111,109,128,139,89,105,110,106,103,92,109,116,163,206,311,401
99,90,91,79,77,87,118,99,82,107,108,86,86,91,96,98,137,137,206,280
352,352,379,311,364,383,355,381,315,415,349,371,346,342,317,380,486,592,863,1230
273,229,292,249,266,252,284,276,237,291,277,293,252,252,281,318,345,483,831,1113
569,452,521,480,516,484,432,560,492,513,528,499,455,464,420,528,623,782,997,1130
97,72,96,60,93,73,82,109,67,73,95,101,82,109,60,70,104,126,81,90
54,33,65,70,47,58,21,31,40,45,47,91,36,44,39,27,32,27,19,10
176,171,156,128,168,122,151,159,143,193,163,160,138,167,124,144,192,237,293,334
129,117,111,101,120,91,139,94,118,120,135,97,106,89,75,98,136,154,203,146
162,126,166,136,145,120,185,135,143,153,164,120,129,132,118,153,203,285,439,618
65,74,73,83,86,64,68,89,56,83,59,85,76,89,60,73,89,93,147,185
75,72,64,63,70,75,72,57,41,104,79,83,71,60,41,57,75,94,113,109
434,439,459,348,362,339,421,408,382,453,409,409,396,398,396,444,571,737,1197,1556
701,648,682,511,603,640,627,731,593,733,710,637,681,683,680,698,939,1217,1902,2359
133,122,95,105,95,104,120,125,110,127,133,114,110,97,106,100,147,189,202,214
73,80,83,72,66,57,73,78,65,99,75,85,87,83,71,74,113,150,206,253
290,312,333,270,283,268,293,316,250,342,274,317,300,265,261,317,374,535,726,992
95,94,95,76,98,83,103,104,84,80,85,90,76,83,78,95,99,111,151,151
381,360,350,269,302,241,363,322,288,309,305,293,274,274,244,263,352,396,568,608
931,833,846,712,790,740,899,821,753,949,906,826,854,813,691,799,1020,1104,1313,1488
283,259,281,224,224,245,298,248,220,284,230,246,253,228,222,225,329,426,500,489
263,352,280,234,260,283,294,349,310,361,324,295,281,326,276,373,449,617,892,1237
192,143,168,142,94,168,188,129,125,166,158,211,161,157,125,146,257,199,218,154
22,17,27,21,20,17,14,30,26,47,25,22,35,23,29,20,31,74,114,162
129,125,120,102,133,112,115,135,66,114,121,114,98,124,92,88,119,161,155,165
294,240,280,223,286,236,281,279,204,274,267,247,204,272,218,235,316,391,438,634
181,172,176,143,167,149,164,175,144,186,181,176,183,173,155,191,231,282,418,634
920,913,852,771,895,792,851,969,761,910,927,843,861,863,816,866,1012,1269,1812,2160
124,106,126,109,125,99,124,133,88,129,99,113,108,119,86,83,119,174,233,328
162,131,151,115,147,137,143,130,98,141,106,140,99,125,90,101,124,153,219,280
100,99,115,75,96,99,101,115,115,121,108,111,101,99,88,132,158,216,432,629
342,311,355,237,309,244,328,312,297,306,261,259,243,264,263,320,382,478,851,1142
191,144,194,169,201,191,181,177,213,194,148,173,180,162,182,200,203,348,451,488
78,51,58,42,69,44,65,68,40,61,53,52,34,32,36,39,54,68,81,59
43,28,53,35,46,33,37,35,59,36,47,44,46,20,33,33,43,53,55,65
307,303,379,217,231,345,389,271,319,418,488,310,388,361,340,342,405,317,117,100
146,120,187,81,91,176,210,137,169,235,279,159,203,202,194,172,219,174,42,42
314,284,292,221,255,208,286,229,234,301,266,247,262,216,171,206,329,335,414,421
165,158,173,129,163,153,156,167,143,173,159,146,158,165,144,175,246,310,489,637
135,99,103,98,105,97,109,99,82,103,94,81,102,82,78,78,125,181,222,220
123,126,126,97,150,111,127,124,122,134,126,128,126,104,110,139,179,205,231,288
56,63,55,44,65,54,80,76,47,66,68,59,61,49,46,69,65,100,109,126
115,88,90,78,103,96,103,93,83,110,114,78,83,88,72,82,125,158,197,176
327,358,372,289,335,301,377,352,323,372,387,352,333,339,309,285,403,436,559,675
139,166,180,125,149,137,174,185,176,170,153,147,174,174,180,198,213,271,408,488
141,185,166,147,133,159,178,178,168,171,159,167,155,174,156,177,228,298,451,656
71,79,93,66,75,68,80,85,79,77,78,62,69,78,71,71,86,137,153,239
58,70,92,73,87,65,91,82,69,69,82,102,77,93,71,74,87,107,93,82
130,147,91,95,94,74,121,112,99,119,90,96,115,75,124,104,173,226,301,442
77,69,50,77,70,67,96,108,71,107,78,112,105,106,88,105,154,242,458,645
78,69,61,45,76,43,82,69,51,60,59,74,56,71,58,65,79,108,126,173
170,184,155,143,138,124,147,165,163,214,172,157,176,135,132,151,248,290,471,462
217,228,202,167,211,206,220,223,191,240,224,224,233,207,198,208,274,353,575,798
143,136,129,117,112,109,129,128,124,142,123,123,138,118,116,140,199,227,378,495
150,150,115,106,123,119,127,96,109,154,112,100,145,99,95,168,196,249,391,469
176,172,147,126,256,128,175,266,226,352,167,246,182,414,400,338,593,1345,2175,4923
799,807,681,701,795,663,729,837,660,836,852,753,849,739,738,860,1041,1466,2103,2687
260,256,212,287,280,235,263,368,254,341,248,203,236,266,178,233,324,284,560,741
507,487,455,400,432,420,496,504,421,501,497,458,498,442,415,455,630,687,878,1032
29,28,25,29,27,30,22,42,29,37,45,34,25,38,28,29,41,52,77,98
421,368,368,367,373,313,431,378,358,375,404,352,353,287,283,340,444,365,508,397
58,55,67,56,62,40,61,62,43,76,54,74,56,62,86,77,107,211,406,565
184,188,166,155,162,168,174,192,160,169,155,183,150,165,185,197,245,348,590,826
384,427,389,319,367,370,365,434,369,439,402,418,411,398,406,447,644,801,1379,1888
413,475,403,397,418,350,402,435,391,502,435,436,424,411,394,454,611,773,1106,1434
233,208,238,159,283,191,184,225,184,248,234,140,249,252,215,232,308,314,274,352
274,301,258,212,222,205,281,257,236,278,261,231,275,221,212,234,297,329,359,337
341,369,331,290,325,333,335,324,265,381,379,368,335,307,262,292,424,417,509,572
86,83,79,66,71,67,71,75,77,75,81,83,76,77,87,85,129,220,376,598
379,417,375,294,374,338,379,387,348,442,382,378,376,366,348,385,545,708,1123,1502
387,355,332,306,346,321,369,381,307,410,355,309,336,323,301,347,482,580,933,1145
200,216,204,211,204,176,240,217,201,238,227,202,188,168,190,219,316,299,323,370
127,120,139,115,130,119,141,155,113,137,143,145,137,129,133,145,157,239,386,549
136,127,110,111,127,122,101,103,106,125,93,105,105,93,117,107,135,172,246,232
97,82,85,68,69,79,76,113,77,103,109,94,84,87,72,82,130,147,214,211
79,98,91,73,77,105,102,135,104,109,114,127,120,110,105,108,156,237,349,438
156,174,197,136,163,152,176,177,160,173,168,193,176,190,154,177,241,282,356,525
270,262,278,251,252,209,285,254,246,293,247,224,255,236,245,266,349,404,553,657
417,418,375,310,377,324,366,404,361,414,423,383,387,340,353,432,506,675,1105,1444
582,606,576,509,531,479,549,611,508,593,563,564,562,526,548,589,728,886,1340,1686
301,311,289,245,267,278,306,320,293,367,348,316,324,301,270,300,465,547,771,787
151,150,157,130,146,146,190,183,164,192,177,164,152,148,134,148,217,253,259,244
83,114,144,116,109,142,139,115,136,203,86,133,141,119,198,174,268,358,826,1290
320,339,266,240,291,271,296,291,298,368,279,356,357,308,323,366,537,669,1083,1752
74,73,70,65,66,63,49,65,72,89,53,66,95,95,70,107,116,212,320,501
96,71,79,68,82,66,102,85,59,68,86,79,68,69,64,71,85,109,140,166
459,466,523,425,431,443,494,488,423,515,525,469,433,494,438,496,599,720,952,1191
79,118,73,65,73,85,80,108,54,89,95,74,99,85,99,75,108,169,216,305
204,191,179,137,166,162,152,165,160,181,177,161,173,172,153,187,216,339,512,714
715,877,676,605,663,625,714,810,689,809,741,797,738,714,797,896,1080,1392,2473,3418
53,50,47,42,44,56,50,54,32,63,61,46,54,55,52,46,83,105,145,152
198,214,175,174,205,167,183,202,179,204,189,201,205,181,215,214,308,429,582,845
216,191,228,167,204,186,241,188,187,247,245,215,215,199,182,219,287,359,434,618
113,116,120,89,111,62,154,97,116,114,107,94,94,91,138,120,149,178,249,417
251,228,233,228,259,212,271,248,229,264,225,210,187,193,232,259,293,424,652,1023
215,257,204,165,214,217,182,226,143,257,294,167,210,223,226,217,298,486,548,509
498,468,557,444,462,416,530,499,453,546,538,506,510,516,459,545,677,780,974,1246
183,185,213,169,187,192,153,207,185,244,207,212,205,208,230,241,351,553,935,1360
85,86,93,70,70,76,78,84,68,75,72,89,87,64,81,74,129,174,268,326
91,93,117,74,114,103,107,88,85,129,87,108,83,100,79,90,116,135,202,198
33,33,36,26,28,34,46,46,22,56,16,53,55,90,28,131,99,329,966,585
158,115,135,136,131,109,132,134,112,130,122,139,118,122,116,133,125,171,193,196
84,69,98,72,97,73,89,71,84,75,86,78,71,78,79,83,108,106,192,233
110,97,95,98,102,82,105,94,94,118,88,95,85,77,76,84,138,141,208,232
128,115,151,121,125,125,149,134,127,155,152,140,141,144,127,135,174,192,247,304
86,100,98,92,76,37,114,68,86,103,95,81,78,87,109,86,127,188,255,419
127,157,144,126,135,111,160,145,137,135,139,124,132,107,110,129,155,207,238,287
70,75,76,56,60,40,66,60,71,61,63,72,58,50,55,67,91,119,167,231
82,100,100,81,88,68,100,86,96,99,101,98,81,86,93,103,143,176,222,278
92,77,89,74,85,69,105,74,87,83,89,73,68,81,75,83,117,105,160,204
118,155,136,130,130,93,149,133,115,130,126,147,112,111,111,110,168,211,273,318
183,237,165,150,177,164,211,201,170,188,195,177,173,169,221,205,265,357,598,788
177,166,191,160,149,147,212,167,154,183,173,159,142,152,157,152,211,195,211,209
208,250,229,181,200,201,202,255,202,248,241,178,233,250,222,237,362,457,709,1037
222,235,271,223,247,222,258,271,232,271,254,320,275,259,275,297,404,538,774,1120
490,526,456,412,424,442,542,514,438,530,494,482,454,440,429,490,679,808,1265,1616
228,227,270,225,216,197,251,243,195,206,205,244,224,248,194,244,237,274,395,518
203,243,204,182,202,198,185,231,175,234,200,226,207,196,198,205,289,359,564,706
366,375,410,297,343,389,356,353,343,373,367,375,335,330,361,421,472,639,1113,1701
294,245,255,200,226,176,283,233,235,237,198,248,227,163,160,149,259,311,383,359
110,103,123,98,100,112,96,107,110,118,103,107,87,100,93,108,116,144,170,202
54,47,71,139,50,89,24,174,51,142,53,42,102,262,73,215,114,766,1048,306
75,74,69,84,67,99,93,88,58,94,68,77,82,73,83,82,121,154,217,288
113,115,95,86,93,82,104,95,78,99,103,86,92,87,86,108,130,136,179,224
631,701,604,538,587,572,600,654,544,686,637,659,605,592,537,607,829,946,1303,1436
228,211,254,209,236,222,276,267,233,265,311,199,211,186,224,257,306,389,489,555
40,50,61,40,40,43,69,37,36,73,54,52,47,53,31,26,40,68,80,72
216,361,215,174,192,243,224,278,196,270,262,305,300,202,187,265,386,495,878,1110
164,204,164,129,160,148,152,181,162,169,167,191,174,155,164,178,194,282,436,558
68,42,45,60,59,46,47,54,38,40,80,43,29,41,31,52,73,86,69,63
693,757,751,745,713,705,747,813,712,902,761,732,783,691,844,839,1091,1380,2432,3308
169,127,143,138,124,96,106,168,129,129,137,168,134,137,153,176,261,489,865,1436
234,199,220,188,200,213,267,245,197,243,242,261,217,238,188,239,316,400,614,846
69,42,33,51,53,37,43,51,34,52,68,45,31,46,37,51,75,93,105,133
200,202,196,163,184,198,177,231,177,239,233,235,220,171,189,238,310,411,640,880
451,578,531,401,488,544,461,511,379,527,496,475,487,400,401,433,649,865,1198,1398
207,203,188,164,207,174,163,213,166,235,179,188,191,178,157,156,278,305,461,588
122,180,111,112,118,97,110,135,78,176,128,149,134,93,69,93,144,165,289,298
133,133,144,143,122,101,161,104,96,123,120,102,94,95,83,113,120,144,175,180
79,90,86,83,80,74,94,94,80,108,94,87,103,108,91,115,153,190,260,338
158,197,115,133,161,159,118,113,108,233,183,172,151,99,96,118,195,236,309,325
98,98,91,88,99,78,83,110,89,92,84,84,80,93,75,89,123,140,202,247
232,192,172,194,198,189,192,197,177,235,172,199,179,158,147,183,248,296,425,459
215,216,205,179,207,215,235,221,203,233,243,226,201,217,207,246,317,457,725,1024
416,470,394,345,355,380,387,430,367,477,440,437,400,418,444,486,684,878,1528,1941
701,880,697,528,694,704,699,822,716,772,802,794,790,729,803,881,1132,1496,2670,3896
93,85,89,87,88,60,109,107,101,124,110,95,100,101,87,105,147,159,232,287
193,192,161,155,167,148,156,159,148,184,177,179,170,133,139,162,202,284,468,486
311,301,303,267,331,260,314,317,259,355,315,337,295,273,240,343,417,508,738,889
438,583,406,291,394,465,422,528,429,462,502,494,508,446,516,550,721,980,1828,2654
455,483,499,409,446,427,468,507,456,528,448,474,479,457,497,564,720,979,1666,2182
160,205,137,113,151,134,125,156,133,143,130,127,110,107,100,110,162,187,172,198
236,318,280,250,212,252,314,289,236,334,310,285,277,282,265,309,387,488,740,960
247,240,256,182,236,176,248,263,223,270,237,224,223,236,235,245,265,384,561,697
152,198,168,117,145,160,265,223,139,200,163,266,212,124,139,111,190,230,315,243
161,216,235,177,152,163,194,168,181,179,190,183,191,198,166,174,173,136,78,72
156,167,189,137,145,179,172,170,157,216,189,185,167,183,181,186,223,274,306,341
64,68,76,49,63,57,78,69,53,69,55,53,73,57,56,53,73,127,160,216
88,86,94,71,96,66,111,88,76,83,64,90,92,81,62,60,79,114,145,194
285,274,300,218,251,234,276,259,220,248,256,250,260,213,207,228,258,272,283,302
191,182,170,152,185,148,176,176,130,157,180,157,164,147,131,132,174,201,223,205
66,45,56,51,71,57,50,59,31,53,54,42,52,48,38,33,57,63,74,60
197,204,222,201,230,183,226,230,211,244,185,211,183,202,193,229,285,429,679,836
109,117,107,110,120,97,100,112,106,120,115,108,102,88,110,110,141,179,235,353
286,240,171,185,211,161,210,219,157,213,201,218,172,171,147,197,219,305,459,518
170,129,158,132,150,125,141,148,132,195,166,169,145,139,119,168,235,305,321,410
1236,1249,1101,1071,1189,994,1275,1324,1062,1294,1343,1243,1106,1058,1035,1211,1659,1915,2531,2799
81,92,53,68,80,92,64,40,44,95,77,83,64,67,33,50,46,86,122,98
657,686,626,634,674,553,668,720,571,687,701,611,686,608,641,644,732,946,1262,1417
346,380,351,275,325,332,326,339,354,383,353,358,349,342,359,366,493,678,1056,1451
304,339,257,239,268,226,304,301,239,307,278,317,276,312,282,297,467,629,957,1441
31,32,50,35,63,42,39,48,34,37,37,44,27,31,20,27,34,68,53,70
161,188,278,90,200,185,166,190,102,182,109,119,195,111,219,239,218,273,358,367
106,120,120,102,106,108,100,115,90,107,86,132,106,105,70,101,114,123,132,140
97,77,94,82,105,79,86,82,78,107,90,98,82,74,82,86,123,137,184,217
141,119,172,124,122,128,138,140,110,158,121,130,133,147,106,171,144,199,338,437
159,167,175,129,150,150,201,156,164,187,183,186,145,155,149,168,224,263,361,442
100,71,81,92,86,88,84,111,86,106,102,104,74,94,82,125,166,202,285,356
229,321,209,193,262,237,291,257,238,281,301,276,300,228,231,265,350,296,355,271
174,157,135,131,149,115,149,157,137,143,140,144,140,108,101,109,153,159,248,190
10,3,13,7,7,8,8,10,7,12,13,6,11,10,5,18,11,30,14,17
10,2,11,9,4,9,5,8,4,10,10,10,6,11,7,13,9,25,16,13
94,123,107,61,101,74,95,186,120,108,138,101,158,138,111,122,175,295,317,423
669,704,665,637,693,603,645,735,597,770,705,653,719,635,746,771,862,1203,1948,2242
193,284,216,197,188,210,220,256,188,298,229,215,240,258,217,287,381,484,845,1036
359,287,292,312,330,280,329,317,264,348,312,332,298,262,248,316,402,435,659,735
689,663,604,616,652,545,769,674,568,704,705,674,661,528,508,651,856,875,1208,1308
962,1039,810,805,875,757,975,849,744,1011,862,947,885,684,622,788,1190,1095,1707,1866
322,380,323,311,317,284,309,355,303,368,337,324,333,315,225,327,390,405,621,629
49,65,63,24,45,38,52,107,65,54,81,56,88,90,62,54,105,193,201,288
269,256,258,247,196,214,242,271,240,321,292,251,276,278,235,302,411,585,979,1151
207,229,200,178,204,189,228,256,202,230,249,212,209,218,193,212,262,262,340,320
106,118,133,91,89,98,119,131,93,106,109,132,106,123,101,105,120,146,170,169
553,771,549,409,515,589,562,659,578,618,647,671,674,572,661,687,967,1267,2410,3557
267,306,269,219,297,229,233,249,215,307,302,266,267,202,183,246,314,358,437,481
358,360,352,306,358,279,375,412,317,399,367,378,353,351,280,379,444,551,653,680
81,100,98,70,92,59,97,97,86,85,111,82,76,85,84,101,127,168,279,370
207,190,181,185,197,175,234,171,201,231,256,184,196,173,192,216,284,308,376,449
49,34,47,36,40,44,58,50,45,45,45,48,33,44,38,53,50,78,122,130
233,235,204,181,191,161,222,193,193,224,248,180,197,177,170,188,261,324,461,545
102,111,99,98,86,85,111,113,114,125,146,112,111,94,100,106,146,189,270,389
463,445,496,405,441,437,472,440,400,514,494,434,438,439,400,450,610,714,937,1125
105,67,95,81,83,59,93,68,87,84,86,72,53,81,66,86,111,135,168,216
223,285,211,201,227,251,212,239,187,323,324,197,274,220,258,242,387,510,772,807
186,186,191,144,164,200,192,217,194,210,204,225,175,190,196,191,306,400,611,875
220,203,194,195,220,182,195,222,174,230,219,182,196,181,189,202,270,343,461,619
270,275,309,214,231,262,286,268,284,310,336,315,276,307,277,292,386,461,628,903
90,93,82,65,69,72,79,75,86,87,86,80,92,84,81,103,130,188,262,418
109,99,121,74,110,90,84,123,132,153,73,116,140,165,137,148,247,448,903,1286
630,672,627,598,665,607,646,708,582,740,668,622,702,636,704,677,854,1082,1746,2183
211,230,214,218,210,177,243,245,201,234,245,221,201,219,205,228,298,369,485,648
274,265,260,238,246,231,238,270,234,292,292,283,272,263,204,256,296,345,435,454
199,228,241,164,237,219,202,225,196,230,221,208,163,198,147,161,248,299,332,407
43,40,32,34,37,32,39,44,42,42,42,32,43,56,52,54,87,99,184,110
132,160,146,83,142,123,149,150,126,158,135,164,134,145,100,133,168,214,353,494
197,186,208,155,177,177,208,227,163,183,196,195,158,190,189,184,208,316,345,392
79,82,84,63,66,73,98,90,65,67,69,76,69,74,61,58,80,101,111,123
749,780,815,716,715,732,826,781,695,895,832,847,815,822,722,833,1060,1432,2132,2725
201,146,173,177,196,150,212,203,169,184,212,179,165,197,163,172,209,219,281,228
332,311,314,295,284,272,330,334,245,343,304,339,297,303,246,291,401,542,848,1031
134,124,111,103,103,96,105,126,106,123,130,127,112,115,97,113,142,166,254,272
71,81,67,38,46,52,46,56,58,70,52,70,68,65,56,64,106,158,197,373
487,500,511,420,475,466,516,556,464,522,555,552,553,563,544,545,725,889,1121,1436
140,163,168,118,155,145,163,168,141,153,162,197,182,177,152,147,196,250,311,368
236,229,235,212,219,243,249,237,217,281,231,242,258,247,228,245,287,405,510,525
64,49,55,45,58,59,36,46,36,36,44,48,36,50,31,37,41,52,42,35
225,202,273,163,224,218,215,212,184,232,194,190,193,188,198,206,238,311,360,420
121,26,37,60,98,66,39,46,49,60,44,6,39,54,11,122,63,84,12,7
252,226,219,175,192,177,282,225,221,268,245,227,222,200,199,223,344,330,378,342
73,82,77,52,51,47,68,74,56,74,73,74,61,67,69,83,104,150,233,319
350,344,371,293,350,356,375,371,326,337,373,337,358,294,331,412,485,615,1020,1440
126,155,189,132,122,148,164,139,140,150,175,150,165,176,155,154,142,126,46,47
69,48,31,42,54,49,44,49,54,54,54,31,36,45,38,76,61,81,84,105
723,765,736,722,721,694,759,831,710,878,747,737,785,739,819,841,1062,1375,2351,2940
188,160,220,160,192,184,194,232,181,222,177,185,191,153,195,219,274,374,677,1028
202,237,372,298,240,244,244,248,411,391,372,347,279,320,368,404,577,1403,2865,4911
648,630,689,505,678,598,682,741,574,693,696,586,580,617,644,708,883,1194,1702,2095
94,118,93,68,92,113,81,100,51,134,113,85,99,89,98,92,140,173,255,231
78,71,86,48,62,67,88,75,62,76,64,63,68,56,51,78,79,117,154,186
108,101,88,80,85,76,104,103,69,98,100,96,81,91,87,96,127,197,262,341
263,209,312,190,263,198,209,246,239,267,295,271,214,227,270,291,314,479,694,985
30,16,17,36,35,13,23,48,25,19,21,31,14,27,12,14,32,43,60,50
1948,2015,1895,1590,1846,1751,1987,2141,1703,2123,1974,1962,1940,1840,1818,1954,2484,3200,4681,5887
3128,3082,3032,2664,2866,2636,3067,3249,2791,3321,3122,2930,2977,2887,2893,3135,3963,5148,7650,9437
235,218,199,179,196,201,213,235,191,251,220,226,200,187,180,190,286,379,579,676
120,99,99,74,118,92,98,103,77,112,78,109,88,111,120,90,129,223,338,476
220,199,163,153,202,177,218,216,169,237,183,239,215,173,136,156,255,280,405,371
170,128,133,98,131,136,124,113,86,119,110,100,105,103,99,105,150,152,200,224
761,751,774,703,744,648,847,785,747,835,870,711,691,689,680,744,999,1201,1438,1656
235,198,235,183,199,181,229,226,202,207,224,206,175,196,216,207,276,304,452,578
173,163,184,137,162,170,159,190,149,172,175,171,174,141,161,205,242,287,496,733
405,389,362,314,353,326,372,379,322,379,361,358,325,300,323,383,471,576,831,1000
905,1013,832,845,862,745,875,948,974,1059,910,974,859,862,882,945,1318,1602,2895,4205
152,137,163,135,139,131,158,151,154,142,136,153,150,134,139,142,195,238,279,308
203,206,243,197,179,197,233,233,216,236,259,245,225,215,207,238,285,349,404,512
226,222,257,167,193,198,221,224,206,231,215,234,200,199,194,216,284,369,483,549
2152,2471,2006,1714,1927,1890,2007,2176,1879,2438,2229,2132,2204,2150,2028,2289,3075,4026,6365,8665
103,94,126,114,135,98,118,115,87,122,130,103,110,96,107,116,160,158,201,298
124,102,139,110,130,122,154,148,122,149,142,117,116,122,118,161,172,225,270,302
278,280,305,273,263,270,294,326,253,335,301,313,279,331,310,355,432,596,1000,1462
183,178,135,158,158,146,151,149,146,188,154,185,162,131,126,168,180,248,386,470
235,158,252,183,247,234,235,217,256,233,176,204,219,192,214,225,257,388,514,579
339,328,320,297,309,266,338,338,280,348,345,321,324,298,253,327,364,424,529,531
115,118,118,104,136,85,125,128,105,148,133,100,111,108,103,112,154,173,204,240
152,150,136,134,144,146,157,162,124,159,171,136,148,139,107,126,168,184,209,215
74,54,57,55,59,54,63,70,41,68,58,51,68,48,51,59,59,91,122,147
600,509,516,490,492,463,558,547,527,638,588,562,542,536,419,496,627,713,976,955
457,443,527,407,450,420,479,532,431,524,476,456,468,488,494,542,601,805,1283,1651
175,177,188,150,138,170,174,174,163,195,187,172,186,182,149,193,239,250,328,334
73,67,73,58,69,59,77,59,65,77,71,57,86,70,76,69,88,105,152,237
64,60,69,48,78,52,68,84,62,100,67,76,54,94,85,84,126,256,380,764
1145,1181,1059,971,1075,1039,1079,1268,970,1194,1197,1151,1193,1086,1165,1249,1487,1936,3112,4010
135,140,132,121,133,142,159,171,154,173,183,147,125,152,123,148,200,237,288,285
191,199,153,164,162,151,188,155,169,199,192,166,167,140,158,148,216,259,379,363
687,658,611,571,632,557,667,680,540,657,640,706,637,613,550,637,837,1047,1581,1917
348,289,301,264,280,246,309,316,257,319,291,284,235,248,240,308,372,476,693,892
227,207,211,157,169,174,244,190,204,216,216,183,154,151,157,197,219,276,355,349
164,153,146,137,156,127,172,160,139,153,123,148,133,147,114,138,173,190,279,287
875,1055,960,825,830,868,1123,1090,728,1102,1046,1175,1102,860,839,927,1158,1549,2021,2521
228,192,192,170,174,175,230,170,183,235,209,199,192,162,166,174,239,214,248,175
61,58,66,61,85,66,66,85,58,58,75,79,56,64,43,70,85,111,89,106
268,253,289,233,256,266,312,271,234,306,270,279,276,267,261,275,331,405,555,732
127,156,140,110,140,120,133,130,108,155,143,149,129,126,117,120,164,194,209,233
162,172,164,166,141,156,170,159,161,180,198,198,163,137,187,203,287,378,654,812
1547,1700,1412,1603,1486,1412,1522,1921,1519,1959,1681,1600,1550,1723,1510,1692,2294,2830,5008,7266
90,88,65,72,92,81,102,106,99,137,72,109,113,104,165,151,209,341,719,1238
143,104,152,101,100,99,132,81,145,132,114,109,116,134,144,162,197,307,551,674
173,143,195,144,121,144,151,148,163,198,150,130,154,132,166,201,266,356,686,864
52,36,63,33,46,38,40,26,37,48,39,41,37,38,42,40,61,105,190,191
1213,1235,1218,1067,1130,1096,1148,1336,1018,1241,1284,1215,1200,1189,1099,1128,1410,1705,2410,2871
23,20,34,37,13,8,45,15,19,28,26,19,15,20,19,28,17,22,32,32
87,94,83,67,61,107,107,105,77,110,102,81,88,91,90,109,125,187,251,354
44,51,54,33,38,52,52,50,44,55,50,33,60,52,48,55,84,112,144,208
60,66,54,44,50,68,47,47,64,72,85,64,54,64,52,60,95,122,149,170
187,203,173,142,166,173,187,201,172,242,165,249,187,184,211,213,299,428,716,1117
112,96,102,71,109,104,119,115,104,138,105,119,88,115,117,121,137,235,288,464
945,931,916,811,892,747,1027,939,839,1004,933,934,932,894,863,890,1272,1592,1988,2622
70,80,72,55,71,49,73,81,69,76,75,51,62,58,70,85,90,120,156,201
144,133,145,103,177,128,145,138,105,150,116,124,117,124,109,89,148,176,235,249
263,256,220,209,224,214,224,271,222,250,236,264,245,212,229,243,348,444,671,892
148,229,185,135,157,133,167,191,157,184,172,150,143,155,151,190,271,282,408,671
73,58,56,23,89,55,59,82,75,137,57,97,52,138,138,113,230,488,796,1766
26,11,14,22,29,37,31,29,11,31,23,24,22,16,31,41,28,81,62,39
30,25,31,36,31,26,20,28,13,35,37,22,25,59,29,44,43,90,135,94
299,323,297,247,275,242,299,279,282,299,321,291,278,268,265,293,389,427,557,721
182,184,208,191,175,189,211,212,163,222,172,191,177,185,192,203,271,382,474,693
72,74,83,52,71,61,67,101,65,85,77,70,71,79,60,93,118,131,197,307
150,153,165,152,147,120,158,150,133,142,141,160,141,148,131,129,161,163,176,178
171,227,203,180,147,145,175,193,175,213,189,207,183,192,165,203,291,420,639,913
546,606,579,464,494,500,565,592,524,572,558,586,573,574,488,558,761,969,1406,1699
61,70,72,49,48,71,55,77,48,58,58,56,84,57,50,69,91,117,156,211
122,117,136,123,105,116,128,134,136,149,123,138,139,128,119,131,196,279,427,618
129,136,153,115,130,112,145,147,127,145,170,150,142,141,126,163,198,254,394,458
166,152,131,119,150,126,158,162,113,164,156,151,131,143,125,150,171,232,283,409
261,255,265,203,229,197,252,283,224,272,274,254,265,276,222,296,357,464,686,911
167,152,155,123,162,147,147,176,137,182,165,153,129,145,136,139,174,236,274,303
133,125,137,108,129,128,159,132,115,136,119,129,97,118,106,140,138,209,276,287
248,311,227,209,222,259,277,284,207,270,272,252,244,242,270,286,341,425,792,1058
375,345,395,285,313,349,375,339,336,426,397,358,358,328,424,371,503,663,1279,1810
85,61,69,48,60,59,75,71,50,70,65,66,55,59,60,56,59,87,75,99
61,70,75,65,38,76,74,65,64,78,82,57,62,72,66,79,86,116,136,154
111,89,100,70,90,92,101,88,80,104,103,100,104,95,83,108,122,162,212,235
259,288,263,243,253,216,281,295,258,286,271,273,252,272,264,235,340,434,648,930
211,181,232,169,190,190,262,202,193,238,192,177,162,204,187,182,264,317,429,554
139,118,145,119,135,129,156,148,104,134,128,131,108,128,128,128,152,179,278,294
162,128,130,117,155,140,151,161,93,140,127,140,114,162,96,104,166,218,242,251
58,68,71,66,73,68,87,78,57,80,76,57,65,76,58,78,80,67,61,54
93,75,79,77,76,63,97,91,76,80,91,78,75,68,90,74,92,127,132,137
442,387,401,365,398,357,416,468,401,487,431,468,477,467,440,525,736,989,1590,2166
397,412,379,360,377,354,396,427,380,429,387,416,349,385,399,386,592,683,1040,1377
147,147,140,130,155,112,153,172,135,176,149,139,146,143,142,156,214,275,470,606
122,115,114,110,110,110,116,103,123,135,109,98,111,99,113,120,155,245,473,701
181,184,204,172,188,164,183,199,170,212,211,200,194,202,197,271,320,446,720,893
228,228,237,207,216,168,232,228,179,238,217,229,216,217,184,274,322,425,695,969
123,140,111,87,117,110,123,116,125,135,134,127,126,102,98,123,140,134,147,124
153,145,168,148,140,142,162,153,149,200,161,150,136,137,120,142,191,243,299,339
220,218,195,156,215,184,217,198,221,240,179,186,185,162,188,202,225,322,480,690
128,109,132,113,104,96,110,117,102,108,119,101,95,114,78,107,108,157,167,198
493,421,489,390,387,432,539,425,427,485,525,447,419,441,366,432,491,617,636,732
145,159,123,123,124,126,144,167,115,156,130,141,145,128,122,152,220,281,440,547
102,124,168,106,93,121,133,109,117,136,148,128,142,150,120,128,139,122,93,88
188,181,185,144,149,178,212,177,161,200,226,184,182,162,148,158,222,233,239,204
141,100,108,88,126,102,118,126,97,119,111,99,87,96,101,91,132,181,242,245
180,178,141,119,182,164,185,173,140,201,174,168,177,164,170,207,243,350,554,741
148,174,138,124,138,155,156,144,116,185,177,129,146,128,120,118,202,219,266,290
247,246,277,217,229,218,261,277,214,262,327,298,259,249,297,283,355,545,974,1559
190,241,266,231,219,186,215,261,255,290,200,253,257,233,275,269,405,698,1328,2376
91,91,100,67,76,78,81,100,90,106,92,85,108,105,82,114,104,139,153,155
113,115,111,84,96,83,102,127,102,107,98,113,86,97,95,112,164,198,314,473
260,229,234,207,235,214,228,224,192,265,271,220,231,204,186,221,293,335,423,389
93,105,104,76,80,81,90,96,79,104,82,95,89,84,103,91,124,123,168,148
58,80,94,83,96,79,105,112,68,92,91,91,87,78,76,92,102,108,156,180
31,51,69,42,56,54,63,42,40,46,43,45,54,41,46,56,40,58,60,84
2123,1966,2400,1687,1955,1913,2130,2310,1905,2347,2183,2108,2033,2163,1985,2476,2731,3745,5446,7153
2614,2433,2749,2173,2480,2288,2647,2630,2371,2858,2502,2445,2375,2440,2351,2827,3228,4507,6763,8442
196,262,292,238,210,213,229,213,208,225,231,238,225,246,198,251,226,246,212,203
71,69,69,66,74,79,51,59,38,70,70,68,57,50,45,71,71,116,151,170
164,139,139,131,138,125,137,148,119,152,158,146,117,141,115,156,170,242,312,389
273,275,250,217,266,227,250,283,257,285,288,291,270,254,241,279,376,447,637,842
4766,4402,4981,4038,4467,4152,4868,4935,4512,5229,4700,4584,4504,4665,4526,5234,5967,8418,12520,16471
55,43,57,41,54,55,58,60,78,91,76,65,61,52,61,69,106,190,302,446
346,495,348,278,335,337,342,441,349,401,392,449,424,385,421,434,618,813,1518,2191
160,193,156,141,132,145,158,169,141,183,158,151,136,136,126,162,195,239,286,339
121,88,121,84,87,78,121,109,112,98,91,99,100,94,100,108,120,151,205,232
324,333,334,289,298,277,304,307,289,345,344,300,312,291,278,289,388,427,508,498
87,73,94,81,69,54,79,94,75,76,89,73,73,93,73,76,65,105,82,109
27,23,26,27,20,17,18,29,23,39,28,21,48,34,26,38,36,55,56,63
56,57,56,57,64,43,43,45,60,82,78,48,51,56,49,56,86,109,137,153
126,107,89,123,114,96,125,136,103,137,142,96,103,100,88,104,148,148,176,178
113,132,131,104,97,108,121,131,115,129,139,112,117,124,124,123,151,171,218,317
162,167,182,142,176,165,176,167,168,198,203,176,170,176,156,196,255,309,459,586
74,84,95,74,81,78,72,77,75,93,78,85,86,84,91,91,151,197,321,373
416,456,346,313,376,367,361,409,342,431,445,399,385,385,349,401,541,711,1124,1390
890,849,795,752,808,711,886,878,779,956,889,888,884,774,758,937,1243,1485,2331,2654
66,112,79,60,58,58,72,90,89,92,88,110,103,96,83,103,159,222,361,634
465,533,430,420,468,381,529,508,451,506,509,491,530,456,376,479,578,598,797,653
48,56,54,37,49,51,43,47,37,73,65,60,57,40,22,54,63,78,111,89
107,109,100,93,107,90,124,112,105,130,110,124,100,97,82,103,141,141,184,151
513,523,423,417,454,394,570,416,410,484,436,454,410,340,304,370,528,482,753,604
235,217,221,181,242,200,200,254,196,225,223,230,218,181,211,213,250,304,472,567
940,835,688,750,784,646,778,752,661,913,708,787,774,534,515,609,844,917,1440,1487
232,255,227,206,215,227,276,266,216,252,245,251,235,208,212,233,287,344,481,560
75,56,65,38,92,68,67,105,77,125,70,105,77,132,113,124,210,403,584,1204
109,133,125,85,94,88,108,101,86,115,101,109,80,81,81,88,122,134,169,176
399,385,380,328,415,380,396,429,349,481,407,442,414,424,380,496,565,807,1297,1780
175,135,184,135,178,152,162,182,150,182,149,155,169,161,168,188,221,301,453,570
95,76,100,67,67,92,106,93,74,100,111,85,107,95,92,97,110,97,89,79
223,206,183,139,188,181,206,186,155,191,183,197,187,178,155,175,232,262,367,426
300,327,284,247,258,267,287,296,226,292,301,248,311,265,262,251,338,359,385,357
409,449,293,240,284,397,349,422,318,508,419,283,337,429,379,400,547,799,1363,1483
55,68,55,62,68,56,54,51,43,77,58,78,68,58,55,80,68,123,174,244
46,44,63,39,33,57,57,40,49,67,72,51,61,55,56,56,58,45,16,12
91,89,125,64,61,114,120,80,98,133,153,95,124,121,116,109,122,85,10,4
144,158,112,92,124,140,99,106,91,183,163,141,134,108,88,122,162,190,221,223
76,79,58,46,67,98,73,65,55,107,120,80,85,76,71,78,131,130,226,165
54,70,81,61,66,49,54,66,62,75,64,62,72,79,65,80,92,82,68,52
66,71,61,75,81,72,94,80,52,79,84,52,47,71,64,63,75,124,122,127
95,80,120,90,94,95,119,108,86,113,125,107,94,105,92,87,113,138,156,197
68,64,70,69,75,56,71,58,56,76,64,66,63,52,58,59,85,110,179,232
229,248,186,169,200,183,199,208,155,245,228,207,218,164,153,192,271,309,474,635
386,340,404,305,356,374,410,393,372,397,346,335,343,315,352,378,480,636,1021,1400
101,110,111,95,90,106,117,95,83,103,88,97,104,86,85,98,125,180,226,273
240,237,211,194,200,197,227,248,185,236,210,226,222,187,191,231,324,383,496,608
107,112,113,100,117,90,111,140,94,127,128,114,113,127,99,158,146,177,194,252
90,75,103,71,85,60,84,101,63,81,88,91,81,93,70,74,89,135,134,156
262,247,273,250,232,230,292,269,267,308,307,274,257,261,260,267,335,410,484,548
72,61,89,65,74,67,82,82,62,66,58,95,76,87,71,78,87,126,150,204
115,97,109,74,106,94,116,117,117,106,107,88,81,100,86,97,122,146,217,230
235,267,187,174,211,192,204,206,180,211,218,213,214,195,189,190,275,326,514,673
185,208,215,190,187,198,197,225,180,207,215,255,233,210,220,265,297,420,605,853
121,110,124,101,126,99,134,145,81,123,108,111,98,120,104,111,134,200,226,286
59,59,97,52,71,70,82,82,76,74,57,75,79,82,62,85,77,95,110,100
79,69,84,75,86,63,83,89,63,103,90,80,92,111,84,116,95,107,159,194
49,52,53,32,41,44,57,50,45,48,55,46,51,47,27,45,40,77,79,75
92,71,76,85,90,66,102,94,62,96,79,91,68,89,67,74,85,117,177,251
115,128,123,95,103,109,130,111,110,126,124,120,130,105,95,126,139,166,222,291
340,317,280,279,319,259,286,315,272,355,292,299,299,272,236,300,398,447,602,628
133,116,109,105,115,100,112,115,71,127,126,111,103,97,85,93,127,141,188,168
122,141,117,112,127,116,125,143,111,130,134,115,122,104,110,101,165,178,227,350
114,103,104,82,98,73,100,93,93,111,112,99,75,101,78,94,114,163,188,215
27,43,29,23,38,38,27,32,19,34,26,51,34,34,12,18,19,19,39,24
67,74,68,65,68,63,98,73,57,85,59,78,71,84,46,48,77,98,87,87
80,54,70,53,64,53,72,70,56,68,64,59,56,56,65,76,85,96,153,152
98,93,83,104,82,81,109,106,75,113,99,90,101,123,79,100,134,191,307,387
164,168,152,155,148,116,176,138,135,172,127,142,131,135,110,160,204,228,313,381
154,159,156,125,133,105,144,139,109,138,139,142,120,125,123,120,160,204,242,257
305,277,316,263,265,257,297,299,246,325,299,288,269,278,244,318,348,459,570,676
219,205,244,172,241,204,209,252,174,239,214,205,182,232,183,244,238,317,427,496
243,236,173,194,213,192,204,156,155,298,218,214,219,164,158,176,312,259,412,376
154,167,117,138,134,131,130,161,113,166,130,153,129,131,131,150,210,259,329,425
140,159,143,122,128,117,150,140,130,138,136,136,128,130,124,119,157,169,199,248
46,49,72,47,55,50,53,51,44,66,57,44,46,56,55,56,66,74,84,56
175,179,213,185,210,171,240,206,195,210,234,191,198,197,194,234,301,332,444,597
243,223,307,206,247,210,288,264,222,279,281,258,249,258,221,251,270,349,360,353
229,211,223,199,220,202,246,210,207,244,254,226,217,216,194,240,326,394,427,511
389,337,330,336,362,311,372,386,323,383,378,367,303,341,293,326,449,493,643,610
69,80,78,55,76,75,81,90,67,84,84,80,73,63,64,55,87,121,126,140
90,72,90,66,70,66,78,70,74,81,56,56,35,63,49,59,65,112,123,116
102,99,80,73,101,98,110,96,116,125,115,117,113,98,98,128,156,235,349,579
110,93,68,77,72,66,100,88,93,97,94,84,96,57,61,72,92,107,133,124
127,102,95,96,104,69,108,101,89,110,95,80,90,70,81,70,105,109,142,113
111,94,103,75,77,76,112,119,81,85,78,93,95,72,68,49,110,105,113,93
68,77,62,58,54,72,68,85,52,106,75,66,76,87,53,91,121,174,286,476
273,222,243,231,243,247,315,218,237,263,296,276,230,269,239,266,420,442,490,550
192,247,209,188,196,196,193,230,211,250,222,243,226,230,217,255,363,415,684,899
330,380,367,287,306,371,348,354,322,371,392,406,406,365,385,348,451,598,771,922
249,235,183,208,259,186,233,200,162,211,234,226,202,162,185,165,259,283,452,589
154,197,149,129,164,151,153,172,140,165,162,171,170,149,137,170,226,264,451,694
224,245,190,203,197,178,219,235,203,213,236,200,230,201,177,205,263,286,356,395
1315,1437,1198,1026,1089,1068,1178,1294,1158,1398,1262,1208,1280,1228,1216,1322,1788,2334,3938,5363
103,90,90,86,87,71,97,93,83,101,102,94,85,96,80,100,152,233,370,508
168,142,165,151,130,125,159,161,144,185,190,171,161,162,156,170,258,370,544,850
44,45,32,35,43,33,37,37,39,45,39,39,44,37,40,39,53,84,123,194
615,608,556,586,633,511,716,564,580,660,681,538,587,445,476,580,769,752,1041,1016
252,214,174,184,178,179,263,202,175,217,207,209,191,149,143,189,327,257,308,269
76,49,45,44,34,37,80,42,46,47,47,68,46,30,31,43,114,62,44,10
77,77,97,94,89,88,77,102,80,79,81,116,96,104,77,90,119,166,214,263
27,31,71,35,53,64,46,46,43,57,34,46,30,37,29,18,15,73,19,19
279,274,238,203,238,209,231,244,197,234,226,238,227,215,212,211,288,320,448,551
69,80,87,71,84,73,85,80,70,87,100,73,95,88,74,66,90,99,78,80
50,59,48,40,60,54,44,73,51,54,53,49,50,55,64,56,76,88,119,158
611,539,487,523,568,472,594,583,441,593,581,569,502,475,416,499,705,708,867,800
11,1,0,1,0,0,0,4,6,3,0,377,380,7,2,1,1,10,3,2
127,119,130,83,94,115,149,120,128,156,155,144,149,142,125,131,151,136,103,70
85,66,63,53,67,51,79,64,59,53,57,62,46,49,33,34,53,49,61,35
220,252,207,179,210,190,205,212,181,246,223,215,195,175,167,193,242,291,404,473
139,155,141,119,127,115,137,138,120,143,131,137,125,124,141,136,146,164,237,258
182,227,202,146,153,109,191,175,151,160,176,145,148,139,122,106,224,234,271,295
190,187,190,156,175,186,195,213,168,198,197,198,199,221,203,231,342,484,791,1225
533,585,577,385,433,413,791,543,402,509,375,682,549,312,384,299,450,463,721,540
517,716,484,339,455,543,518,642,545,566,614,560,626,544,630,664,837,1193,2226,3278
213,192,181,165,190,168,192,198,177,231,199,207,183,176,175,240,321,378,587,809
651,671,658,581,665,561,698,677,616,744,732,624,597,635,630,703,832,1011,1448,1694
1384,1462,1309,1254,1367,1199,1413,1518,1226,1499,1492,1354,1394,1277,1350,1419,1761,2262,3229,3887
179,178,184,157,132,138,162,142,138,154,174,147,110,129,144,137,180,216,326,371
89,58,68,49,85,61,60,84,72,72,71,77,59,112,125,146,160,304,544,1036
130,149,178,120,137,141,161,133,146,161,177,143,140,157,139,162,195,187,192,242
139,144,143,119,147,129,151,149,115,145,125,144,126,129,98,133,137,175,181,254
256,292,240,198,211,231,228,229,253,263,268,225,323,235,259,308,403,573,930,1420
318,296,291,212,294,246,277,300,286,346,313,295,268,302,275,311,465,639,961,1360
538,564,496,431,472,449,519,578,467,562,541,556,544,493,491,524,677,994,1313,1724
154,123,135,105,134,119,122,151,120,178,147,142,132,151,153,166,211,302,465,733
182,193,211,151,148,183,208,180,166,173,210,180,192,192,174,178,192,167,123,110
323,332,304,257,272,259,283,322,312,343,313,302,293,325,330,331,486,622,976,1519
252,239,192,163,223,184,183,247,184,228,219,223,224,222,223,237,318,472,754,1218
333,356,326,306,313,280,347,350,276,351,364,339,327,317,293,350,416,530,726,875
1570,1598,1411,1211,1324,1336,1392,1511,1284,1618,1556,1496,1662,1367,1457,1918,2511,3859,6030,9373
210,237,213,200,179,196,187,230,195,261,220,234,259,212,257,371,421,621,1151,1611
143,171,163,143,137,113,144,158,112,129,119,152,119,151,118,110,164,204,206,210
305,328,307,262,308,254,303,363,296,329,322,340,304,313,310,354,423,520,709,860
814,831,758,746,821,721,810,903,714,892,852,779,851,769,778,814,999,1220,1705,1966
111,120,125,126,127,85,113,124,123,140,111,124,110,106,102,116,163,225,374,527
12,18,20,14,19,14,16,18,17,27,16,20,9,20,11,13,15,46,35,35
161,170,162,136,170,150,147,164,123,151,160,151,157,148,142,158,191,229,271,370
190,262,314,215,177,216,255,212,236,212,282,231,272,287,239,247,209,159,31,20
118,133,138,97,111,100,124,113,113,136,131,124,126,108,93,86,138,148,143,133
109,106,83,87,113,87,108,107,79,151,98,115,109,91,91,111,165,167,207,277
314,330,307,256,280,237,321,285,274,290,271,278,268,269,215,236,333,349,411,397
179,139,186,166,167,163,209,196,145,197,192,200,176,178,152,200,211,325,503,693
303,301,296,279,280,262,291,313,241,296,331,281,256,283,244,293,361,440,565,721
189,227,217,174,185,193,190,215,179,201,204,208,224,196,205,236,247,334,559,821
108,128,105,117,101,82,122,129,117,140,155,153,113,128,158,143,181,278,447,630
345,353,417,323,353,278,446,364,350,405,390,368,356,392,427,422,506,720,1031,1676
494,450,494,422,516,447,515,545,416,561,520,496,479,504,464,561,731,1037,1690,2522
121,135,123,69,123,103,122,128,126,113,132,134,127,126,113,138,131,177,190,219
241,282,242,199,221,187,234,225,218,278,267,225,219,208,244,254,393,441,595,760
133,168,111,115,125,112,113,156,109,144,135,157,137,152,127,133,220,269,373,454
128,102,81,78,89,59,119,79,89,95,68,83,79,60,50,49,92,125,133,134
148,132,130,114,122,101,135,114,104,128,125,117,110,99,96,104,137,123,168,161
841,898,786,710,795,740,878,850,762,898,894,913,901,812,664,811,1038,1170,1504,1520
175,147,185,122,120,163,173,151,155,188,185,145,145,155,129,169,201,216,291,358
114,113,125,97,110,85,112,131,79,115,110,123,108,118,96,121,131,197,286,412
148,145,163,110,123,141,171,133,118,164,166,128,135,157,130,132,189,161,134,108
113,127,143,100,98,123,127,112,117,138,143,117,131,126,113,124,146,131,101,108
128,144,187,107,106,139,162,118,134,140,174,135,158,165,143,142,132,120,12,14
171,142,148,121,152,131,153,142,126,150,150,153,145,125,133,142,148,212,332,445
170,131,178,104,133,144,181,150,138,187,209,143,160,161,160,148,178,145,137,121
202,185,185,171,186,154,190,202,153,167,186,224,165,166,166,182,184,261,383,535
396,437,352,307,369,362,373,345,354,431,369,425,420,349,365,442,580,721,1140,1708
64,69,89,64,79,58,77,78,61,78,77,61,63,75,62,74,89,119,128,132
69,120,90,57,73,69,75,92,81,88,71,85,64,83,68,93,122,145,237,449
87,113,101,77,85,68,91,84,90,84,76,83,61,79,56,85,130,128,138,166
45,50,49,41,47,48,48,39,32,53,47,50,47,37,26,42,53,88,85,74
93,94,69,60,72,75,92,94,70,74,69,83,96,79,78,92,119,155,225,282
787,893,782,717,775,743,779,895,716,896,819,836,847,828,777,863,1037,1410,1973,2350
148,125,157,145,155,146,141,151,159,173,137,170,177,164,171,144,208,291,444,497
1029,950,875,802,852,849,752,927,810,1126,854,818,912,982,764,1115,1368,2100,2600,3563
201,179,200,157,174,171,202,213,150,209,162,170,157,189,157,162,176,291,372,455
189,195,212,173,178,178,215,228,175,227,202,207,226,228,226,275,285,366,460,546
123,128,133,83,115,101,125,114,106,127,114,116,121,104,119,132,156,211,286,397
137,222,176,114,150,130,157,164,187,177,149,152,115,165,123,164,239,271,355,543
273,309,258,231,297,286,266,259,203,280,230,271,237,235,193,248,267,348,538,535
360,379,278,280,324,289,307,245,253,394,308,345,283,239,201,248,343,382,552,586
42,56,80,52,67,75,54,45,63,52,58,67,51,57,34,41,32,61,7,6
282,274,281,215,242,248,287,252,222,258,271,228,250,222,223,223,292,316,365,352
57,60,74,56,65,55,62,64,74,73,67,57,65,66,63,66,98,115,112,165
64,80,88,54,76,81,84,77,74,84,62,64,69,86,79,75,98,118,206,256
548,669,557,435,551,518,563,537,451,593,527,498,646,480,502,608,788,1006,1302,1550
204,194,184,149,189,174,177,185,141,185,187,203,184,172,148,148,220,246,275,269
85,73,67,62,79,62,72,79,62,72,76,64,57,59,60,74,88,107,111,125
386,346,446,254,259,419,473,334,420,553,604,381,471,463,429,424,529,454,271,273
238,234,216,217,261,211,323,171,223,251,268,181,189,216,227,265,340,357,448,530
104,104,156,127,150,90,192,113,93,114,158,110,108,137,129,138,150,206,289,358
69,102,85,60,81,64,78,99,70,70,73,96,84,86,63,67,90,109,110,147
55,53,75,51,68,60,73,76,57,85,50,56,60,80,50,83,79,84,109,102
43,27,30,30,31,39,34,32,29,36,41,41,39,40,38,48,60,90,120,162
327,276,307,278,337,280,323,340,257,325,318,303,295,318,296,317,380,526,719,983
131,108,132,104,123,101,139,111,78,130,98,113,90,109,77,75,96,155,155,193
298,321,281,204,269,255,291,333,237,301,294,293,289,299,297,296,390,533,837,1136
89,79,87,64,76,78,90,90,80,92,77,77,63,76,84,99,99,137,188,265
90,93,98,83,98,98,105,105,92,124,80,90,91,89,91,91,130,169,204,251
161,149,146,134,141,136,145,158,120,133,135,133,140,124,132,156,172,209,338,410
184,232,249,212,233,202,236,259,270,308,307,286,271,254,341,324,485,858,1768,2935
89,77,84,78,81,85,90,86,69,115,99,88,90,87,76,76,119,117,155,147
108,105,91,81,101,78,112,111,93,115,121,102,105,94,108,97,125,162,166,207
2043,2380,1783,1570,2000,1949,1623,1827,1448,2428,2142,2103,1999,1551,1356,1744,2227,2697,3822,4163
107,113,88,79,94,100,93,98,74,121,119,94,91,104,84,101,147,186,256,247
144,191,177,129,121,135,135,146,135,179,151,175,145,132,152,141,222,265,436,581
248,225,220,161,167,207,209,215,196,225,219,205,226,177,200,189,234,274,420,447
686,703,639,637,682,616,657,772,598,750,696,628,691,640,671,699,807,1001,1435,1678
49,96,76,51,57,69,64,69,43,88,72,63,74,54,76,83,103,133,230,354
307,385,290,238,247,222,300,313,328,323,343,369,353,324,339,351,569,712,1318,2258
239,205,270,157,181,229,247,218,236,281,333,237,268,267,269,247,364,473,596,944
673,654,602,510,577,566,628,614,524,705,604,631,582,494,529,681,872,1112,1684,2134
113,119,96,86,89,113,123,120,98,123,109,97,94,84,95,132,164,193,270,281
343,290,447,206,210,415,468,304,391,526,640,351,461,464,436,392,506,359,34,23
107,79,92,69,68,92,119,118,88,132,69,125,167,314,78,416,352,1149,3612,2224
106,70,88,59,61,85,110,108,79,124,57,118,160,307,70,401,334,1136,3589,2189
82,91,83,74,79,68,94,79,72,100,86,77,79,92,89,87,117,137,181,215
195,154,210,119,214,106,175,164,137,187,213,96,173,155,141,194,205,282,205,313
384,349,397,320,316,327,393,389,352,404,392,400,322,353,352,388,531,711,1023,1289
302,286,354,261,293,274,313,318,289,348,342,363,313,356,377,399,438,708,1138,1594
119,117,134,121,118,131,136,120,119,135,123,154,153,146,153,120,156,227,270,313
226,266,260,224,239,234,233,220,205,269,240,263,253,221,203,269,303,344,438,569
183,158,144,157,156,127,162,176,147,189,161,167,159,150,122,171,239,248,377,417
256,201,242,217,230,206,213,219,206,278,234,185,203,213,170,227,268,308,400,406
1195,1154,1210,998,1063,1061,1216,1143,1087,1358,1280,1180,1193,1173,1007,1155,1406,1456,1777,1913
692,705,660,641,688,567,676,756,590,739,743,639,700,641,654,661,808,984,1336,1468
897,900,848,880,931,767,943,1010,811,995,944,854,922,850,870,922,1164,1392,1967,2257
175,152,125,115,143,114,165,128,125,136,142,136,146,104,112,134,189,235,318,435
63,76,73,50,63,74,58,75,54,73,75,81,71,55,79,70,89,103,118,208
266,318,257,251,270,216,276,275,235,276,274,254,279,245,236,260,374,448,623,773
199,234,194,159,201,139,179,185,189,242,246,182,170,172,198,177,311,322,439,577
87,98,81,64,81,72,72,82,94,94,85,102,86,68,81,105,116,175,262,377
199,203,185,183,175,171,228,185,184,212,198,160,177,165,168,191,237,275,367,432
48,45,27,39,33,40,41,43,40,43,36,44,34,48,47,44,68,105,125,140
152,164,177,146,173,170,139,162,142,192,190,137,136,146,170,162,196,259,274,292
120,99,89,72,87,78,104,115,75,88,82,84,90,98,57,81,117,158,149,165
640,688,655,667,636,608,647,743,627,751,707,649,697,617,701,743,913,1139,1862,2381
249,240,188,175,230,156,195,228,209,280,250,200,185,170,191,204,341,390,437,609
135,130,91,83,127,70,105,98,118,144,155,113,123,97,96,120,210,294,339,461
98,93,76,67,91,53,81,79,99,82,94,82,74,75,91,90,112,183,215,283
175,187,168,136,152,163,169,181,165,216,202,190,197,188,180,213,267,374,580,793
156,123,150,132,142,137,136,165,134,158,139,151,156,146,159,174,216,321,468,626
573,513,611,467,487,532,648,550,566,663,654,547,565,576,575,580,725,863,1097,1388
167,156,175,145,158,183,162,238,151,200,219,221,183,179,176,202,286,380,500,603
339,345,382,325,362,289,359,368,332,402,379,346,296,322,315,396,487,576,633,659
330,313,316,281,311,276,299,346,267,368,319,353,286,296,265,360,443,583,854,1147
408,372,365,290,325,288,336,353,263,402,362,375,337,336,297,342,481,622,934,1275
76,71,61,57,51,84,64,87,60,82,70,63,72,64,77,85,104,144,194,191
37,37,44,37,33,39,45,48,36,47,52,33,28,39,34,60,67,83,97,85
238,192,222,177,250,208,246,232,195,273,222,222,206,209,174,230,310,381,595,802
150,183,144,143,163,132,144,167,141,191,183,156,148,132,143,168,247,264,341,429
267,276,266,230,255,251,250,268,248,302,291,259,269,273,225,268,341,416,540,686
232,215,239,191,197,222,246,231,212,276,245,230,229,229,234,239,321,414,534,671
185,165,170,152,167,142,183,164,143,186,204,164,142,158,157,178,233,278,361,420
378,411,407,312,353,337,413,359,339,422,422,370,411,353,340,352,492,540,729,920
216,234,265,203,209,245,273,243,239,295,288,281,270,274,265,290,350,422,529,669
256,284,232,199,205,224,252,251,260,259,249,259,258,267,258,290,387,528,892,1314
470,467,554,423,433,494,547,490,481,582,564,506,532,516,523,548,704,849,1154,1564
219,186,210,178,179,179,223,221,181,223,210,193,182,192,173,209,264,350,506,565
310,332,283,248,271,245,308,329,258,306,318,316,279,272,235,322,403,478,754,943
124,189,152,146,154,115,94,140,101,143,168,207,164,151,154,196,215,240,359,494
107,107,132,93,99,106,143,119,114,128,149,118,119,149,119,134,152,199,216,285
217,214,247,204,209,218,240,241,241,280,266,244,254,257,246,292,357,446,730,1005
155,156,164,137,150,140,156,144,160,150,125,151,139,130,132,154,176,233,325,388
296,276,267,234,278,251,308,308,271,320,318,287,269,276,287,299,399,500,686,920
547,557,616,476,545,527,612,604,552,670,614,609,578,608,583,702,894,1025,1515,1862
239,207,254,178,221,194,221,244,192,228,246,216,201,205,233,218,283,408,668,882
253,224,236,203,236,232,237,266,242,274,269,252,232,238,246,292,395,534,862,1148
63,93,86,74,70,60,91,91,79,71,73,91,81,83,64,53,92,70,94,75
164,141,159,141,153,126,158,175,131,179,165,161,140,169,149,178,236,319,421,508
300,242,267,239,265,236,259,279,198,268,279,233,213,258,230,240,301,352,417,513
106,80,92,77,83,73,94,90,49,90,89,78,56,97,67,49,72,104,97,103
128,158,108,90,114,96,97,118,121,118,103,68,83,72,65,78,100,174,122,105
52,40,51,36,42,44,32,51,56,62,45,39,46,44,53,75,79,136,191,317
350,363,296,288,304,302,323,325,279,330,318,321,323,290,276,283,382,530,775,940
135,92,130,90,138,112,110,166,114,132,125,129,107,123,145,146,198,277,428,692
208,251,149,159,205,202,141,137,122,281,236,212,188,114,121,147,233,252,332,344
87,102,78,79,84,86,76,123,74,98,97,119,85,111,77,93,154,235,353,284
440,465,413,373,420,389,384,459,315,418,446,355,353,391,343,328,477,644,820,817
150,143,112,109,132,123,115,118,88,127,131,106,108,102,100,119,153,182,243,336
142,135,164,111,110,140,164,121,146,164,176,140,153,150,141,139,171,151,125,108
106,100,101,84,99,94,110,93,102,108,102,111,96,93,77,88,120,124,149,165
570,589,508,473,504,435,533,521,438,597,528,524,457,473,453,538,579,812,1170,1511
71,68,69,70,70,70,68,67,56,76,72,56,68,69,72,89,110,142,200,266
56,64,54,51,64,45,54,48,42,66,66,64,49,52,26,54,43,80,104,75
105,108,92,64,95,87,95,121,84,102,102,118,87,91,98,116,152,219,264,310
495,498,432,404,485,398,456,493,395,514,473,440,440,401,386,493,583,772,1176,1548
81,92,113,75,89,81,73,58,69,108,90,85,86,98,108,128,130,260,460,549
211,210,199,170,161,166,201,198,178,215,184,163,204,156,173,232,301,412,634,909
145,122,144,137,131,116,124,139,102,126,126,117,137,110,107,109,135,148,228,197
101,120,113,88,113,102,113,92,87,110,96,103,111,81,91,124,152,188,285,377
111,100,134,99,107,102,122,122,98,122,124,108,119,94,120,105,150,215,340,436
69,61,68,80,61,62,80,68,84,100,62,82,74,89,88,117,142,250,531,749
68,85,53,70,76,78,100,101,80,140,64,112,100,81,130,116,162,252,476,719
196,158,169,115,156,142,171,158,147,176,188,173,187,177,136,164,206,278,286,383
108,126,123,101,128,114,132,117,107,132,134,130,122,127,123,127,147,173,233,210
86,88,87,69,89,69,96,74,82,88,79,78,68,73,73,92,98,162,233,351
179,167,185,160,158,123,197,187,140,189,187,145,142,126,135,167,203,279,282,260
209,167,184,159,175,157,178,205,139,178,215,143,141,135,159,184,206,273,327,348
134,123,101,101,111,100,127,160,91,106,119,113,92,84,105,128,148,192,214,218
199,178,152,189,202,185,181,245,180,240,209,188,194,210,208,247,317,449,755,981
69,66,65,61,57,60,72,74,63,86,76,61,56,61,62,83,91,130,153,190
163,199,145,158,163,184,165,251,157,216,211,217,205,228,207,238,300,404,646,826
235,216,233,215,224,211,244,263,187,266,225,246,194,250,224,268,349,551,811,1166
1103,1244,1013,845,974,1056,1011,995,977,1073,1053,944,1390,919,890,1446,1730,2123,3406,4872
494,455,452,391,427,390,487,435,334,443,404,364,360,375,304,425,483,595,723,805
39,55,48,54,31,28,47,36,47,51,57,47,37,50,57,55,93,110,176,270
118,114,126,101,90,92,123,135,84,118,133,118,120,122,115,136,174,252,307,404
50,58,45,65,66,35,45,43,40,90,71,38,58,49,49,66,102,129,151,145
30,18,17,27,27,20,27,22,9,23,19,25,14,16,10,13,15,12,20,13
336,311,348,305,302,281,324,326,299,332,305,329,324,355,265,299,376,478,600,622
179,163,198,106,144,142,150,175,136,155,138,173,152,145,130,147,166,236,312,385
218,232,214,207,202,195,213,197,170,208,187,206,189,153,154,167,239,248,321,314
726,876,709,547,681,736,746,821,726,825,783,780,802,696,810,864,1168,1470,2628,3730
103,99,109,80,88,104,117,122,113,134,116,107,112,103,130,137,219,273,428,592
207,202,196,173,195,173,183,210,164,178,193,190,162,150,145,169,247,262,404,443
357,344,316,254,302,295,349,383,292,340,327,371,294,299,292,392,459,561,805,1008
72,69,67,51,63,53,72,71,61,97,63,79,67,78,65,62,117,110,162,177
292,304,264,232,281,247,303,317,260,307,289,279,264,259,259,274,370,455,674,687
269,207,210,207,222,226,216,231,192,227,219,208,197,163,179,209,288,332,439,420
80,50,69,57,64,52,90,80,64,66,50,63,61,57,57,70,90,100,136,159
325,327,324,311,310,277,353,344,302,355,356,322,305,317,293,340,401,509,624,751
229,279,193,151,202,206,208,275,217,229,233,241,258,245,254,286,389,586,1056,1547
30,27,38,34,16,26,34,55,19,18,24,20,63,53,47,85,42,65,71,88
619,602,636,490,538,503,571,658,624,677,603,623,628,566,712,777,1019,1461,2576,3487
227,290,213,174,210,186,237,205,243,280,211,257,280,247,239,245,358,460,779,1238
53,59,72,55,65,56,58,61,44,74,66,61,63,82,68,85,94,144,162,203
129,85,137,111,93,96,117,113,98,124,99,97,74,82,91,97,112,145,211,279
135,141,155,102,118,123,131,145,106,137,164,130,107,101,133,135,169,217,253,253
68,59,96,82,80,93,84,72,61,86,81,72,61,58,44,58,49,122,64,70
155,232,169,138,146,165,155,199,130,209,217,209,228,196,172,217,319,457,783,864
283,202,249,190,253,212,245,280,202,262,246,253,206,231,225,254,305,410,640,865
302,277,277,224,262,241,296,287,233,287,310,254,229,246,199,262,348,388,479,474
151,142,147,120,125,126,132,148,145,187,132,153,139,156,154,202,239,314,583,909
317,315,386,262,277,266,332,325,308,369,381,329,308,335,365,430,520,809,1224,1711
85,117,125,101,124,108,97,103,91,124,112,90,90,89,81,94,144,173,184,238
215,211,196,172,195,192,202,227,207,222,208,217,220,197,218,229,313,366,674,873
327,339,323,290,327,298,307,352,283,309,331,338,319,291,300,319,360,429,612,759
239,231,254,176,194,212,255,261,209,272,291,265,239,263,223,274,344,385,520,660
297,256,348,248,275,257,278,293,259,308,255,254,235,252,302,328,343,480,828,1072
190,195,143,161,165,145,160,159,131,148,152,166,136,131,128,154,146,208,333,408
179,207,208,122,186,196,189,183,134,186,187,159,206,153,172,217,237,319,517,647
148,158,144,128,147,130,146,166,125,154,151,147,160,153,128,134,196,208,285,283
389,452,412,347,375,367,419,436,374,436,424,437,403,410,368,447,537,672,1069,1475
397,444,390,318,341,353,404,405,370,477,373,436,390,417,400,454,586,938,1493,2322
129,100,143,100,129,114,122,160,115,154,142,110,114,122,102,141,170,222,360,448
197,202,185,174,188,136,189,205,164,215,179,175,194,177,130,178,211,267,394,334
66,77,72,56,60,64,68,74,67,81,87,77,71,81,73,65,93,114,158,238
247,279,254,217,247,246,237,255,216,266,277,268,269,248,224,231,284,301,308,320
91,67,75,80,79,80,85,75,71,75,76,79,59,61,56,81,103,136,154,166
103,103,89,86,71,84,104,107,95,102,106,94,95,101,107,111,160,208,314,370
195,185,214,179,184,173,191,200,176,227,216,199,190,181,178,185,236,265,331,371
166,149,113,103,134,118,136,128,99,117,124,114,101,91,90,80,127,128,165,109
70,63,84,48,71,46,79,63,65,61,63,51,54,61,76,63,65,95,107,158
127,120,111,83,92,104,125,136,105,125,124,127,115,122,130,126,169,185,304,421
65,88,70,57,85,74,81,80,81,83,77,77,55,90,55,74,100,126,170,181
259,196,206,187,205,188,221,228,175,229,228,217,190,181,172,206,260,289,404,403
149,147,161,108,120,124,177,145,118,174,196,134,144,130,153,154,172,181,214,289
249,290,233,198,234,228,257,296,206,234,277,254,232,227,254,260,347,434,721,908
172,145,138,120,132,137,146,162,129,153,146,157,127,139,136,148,215,273,397,478
166,158,134,118,143,117,155,175,120,164,150,142,126,143,140,151,210,277,382,462
