207,154,236,151,174,169,207,188,233,222,192,208,168,175,206,190,227,323,488,650
131,107,145,116,118,104,122,109,123,140,110,91,118,101,126,149,172,229,441,477
19,29,37,20,13,22,22,31,27,29,28,26,22,30,26,23,33,46,60,63
1789,1738,1584,1445,1606,1703,1666,1683,1517,2134,1783,1478,1740,1738,1665,1669,2371,2969,4494,4710
788,816,708,591,794,636,740,874,712,894,784,706,734,745,702,774,1085,1308,2232,2992
135,151,139,150,123,124,142,152,146,140,178,181,157,141,169,191,294,330,658,836
226,230,261,191,202,201,218,270,199,283,262,283,254,231,268,319,387,609,1096,1736
133,124,115,87,126,104,108,110,93,117,87,91,125,97,94,126,167,204,299,417
170,167,158,150,166,167,184,194,151,199,189,163,201,172,182,244,277,425,816,1185
63,76,70,50,66,83,81,96,65,80,99,75,93,103,107,75,133,161,256,255
115,126,103,129,111,142,138,168,114,167,166,132,139,179,173,162,235,336,474,534
410,563,362,387,396,366,395,449,446,528,434,556,480,492,500,560,701,960,1996,3160
251,235,246,167,189,206,186,236,195,204,244,248,224,202,224,336,414,698,1169,1753
583,499,472,406,456,443,469,523,454,527,479,547,553,451,514,664,831,1450,2347,3720
399,299,266,259,248,241,273,319,276,293,280,348,317,253,309,480,558,1150,1737,3065
168,201,220,177,194,200,190,229,179,241,207,262,225,192,309,311,373,570,1000,1296
653,693,747,611,678,697,629,753,668,829,692,801,736,672,875,998,1229,1769,3264,5014
581,553,559,452,552,518,546,615,517,634,507,595,546,538,600,710,894,1264,2082,2949
507,610,641,429,456,496,530,552,522,653,704,654,583,480,730,681,1053,1641,3091,5198
1453,1402,1744,1203,1369,1320,1511,1523,1479,1700,1572,1569,1430,1436,1700,1790,2157,3276,5392,7652
194,208,220,154,175,193,188,220,182,221,196,213,190,193,222,235,296,396,635,945
100,117,141,111,114,114,102,140,105,150,109,122,146,125,151,194,204,321,557,728
163,214,196,146,165,191,171,196,178,217,187,179,212,199,229,275,325,455,839,1216
137,157,132,104,114,131,106,141,114,142,135,162,153,106,145,163,215,284,520,740
551,553,507,463,499,426,479,493,461,536,490,482,540,452,463,604,745,1109,1745,2431
290,338,267,269,305,296,374,327,290,433,321,373,338,368,411,444,573,883,1599,2463
67,70,83,65,97,54,70,76,49,86,98,53,58,99,59,80,107,119,79,131
387,434,449,359,401,358,366,450,428,526,442,436,419,438,500,517,698,1120,1999,3214
226,259,225,179,222,203,243,234,189,253,242,246,244,209,212,227,293,367,539,708
263,450,287,267,273,217,314,331,245,338,269,293,336,278,269,246,457,536,677,846
347,437,318,289,328,282,379,379,279,381,383,381,374,319,281,324,486,577,795,929
119,139,147,93,116,148,134,167,102,129,129,130,156,125,155,147,187,165,189,235
148,142,132,125,119,104,150,113,135,148,148,124,124,122,132,137,187,219,301,276
81,110,90,62,83,82,97,102,81,107,116,103,108,86,88,77,123,144,180,237
159,174,171,117,145,157,189,181,161,207,201,190,208,174,192,195,275,239,279,356
160,176,138,134,150,124,152,159,130,176,138,147,123,114,119,131,208,262,326,412
398,357,386,315,316,324,373,401,357,436,358,389,406,446,357,446,501,751,1054,1332
4058,4514,4458,3386,3728,3899,4145,4314,3807,4456,4553,4447,4394,4392,3990,4264,5298,6362,8852,11745
55,38,52,37,44,27,35,53,34,60,41,55,54,33,33,41,45,50,56,90
226,167,217,174,175,162,140,211,186,173,158,162,141,181,150,215,185,241,379,433
3309,3580,3675,2823,3158,3124,3352,3591,2998,3500,3679,3581,3462,3519,3132,3438,4218,5250,6703,8397
1286,1334,1404,1115,1241,1206,1404,1429,1258,1448,1583,1441,1475,1530,1263,1376,1799,2027,2362,2829
65,68,91,52,53,73,85,61,66,89,89,77,78,91,73,72,75,71,22,14
17010,17601,18768,14580,16087,15310,16798,19772,16842,20740,19003,18277,19094,20237,18833,23737,28456,39092,62440,91776
714,706,716,559,706,700,657,780,601,791,739,741,695,719,758,846,1080,1752,2452,3978
113,114,143,97,137,119,129,143,90,128,110,126,107,120,115,132,170,232,286,357
66,67,74,67,57,63,78,73,39,51,49,65,74,68,72,68,95,123,142,144
379,461,411,322,386,377,345,436,380,449,430,499,449,419,500,533,718,1168,1767,3231
12600,12499,13001,10444,11756,10881,12062,13452,12432,14809,12694,13141,12648,13287,13899,15810,20335,31081,53135,81722
75,83,110,58,81,72,83,73,69,91,84,97,78,95,120,129,158,248,480,577
1009,865,1080,771,886,845,1018,1087,943,1087,935,908,865,902,907,1071,1245,1682,2583,3291
225,282,320,233,212,215,233,262,331,306,278,266,284,225,358,363,510,832,1595,2244
64,77,55,62,79,62,79,66,69,87,112,67,86,68,61,108,167,286,406,613
395,360,358,259,460,338,335,508,436,577,418,522,385,632,690,654,997,1817,3076,6385
99,82,71,56,105,60,66,120,92,122,88,96,60,150,218,171,256,487,917,2046
368,380,437,284,304,304,294,322,375,417,359,365,374,338,422,481,655,1043,1883,2926
85,86,84,66,75,73,69,96,108,114,88,109,82,133,148,170,207,353,746,1233
221,220,243,168,210,188,217,243,205,238,227,232,210,242,235,266,334,475,826,1189
80,109,121,62,116,106,107,119,84,126,119,122,98,135,104,143,152,225,320,371
3175,3110,3366,2531,2957,2821,2881,3360,3282,3915,3013,3189,3346,3545,3593,4024,5405,8314,15373,23607
14478,15206,13924,11931,13129,12390,13782,15071,13026,16235,14508,14417,14606,14248,13843,15622,20684,28343,43686,60965
3534,3925,3509,3041,3146,3031,3289,3834,3163,4255,3622,3758,3809,4136,3580,4551,5749,8733,15111,17023
1026,1049,924,849,959,871,908,1093,871,1066,1062,947,1015,1026,980,1028,1400,1731,2359,2768
595,663,642,628,563,608,623,771,551,889,616,628,795,1130,679,1176,1250,2917,6202,4455
51,64,72,128,45,98,41,154,42,144,75,43,98,223,87,206,141,687,931,315
174,183,158,154,134,160,153,190,135,210,164,160,200,217,179,204,317,422,627,630
960,1198,931,895,802,789,824,1079,880,1294,955,1244,1124,1205,1079,1215,1686,2537,4215,5816
29,15,27,21,17,21,25,21,22,30,16,27,44,83,15,95,80,293,916,533
58,29,41,37,39,46,37,67,46,61,41,57,97,167,42,208,187,655,2071,1287
28,34,40,16,15,34,57,31,23,46,12,49,51,109,25,156,110,388,1185,706
593,697,604,514,602,621,593,747,557,731,725,684,633,658,563,588,950,1198,1673,1920
887,1128,881,781,875,924,882,992,770,1156,1091,1025,1021,923,824,956,1437,1657,2341,2753
1225,1297,1223,1021,1206,1159,1141,1272,969,1365,1396,1213,1276,1227,1052,1152,1557,1909,2356,2660
921,1016,927,725,872,881,861,910,736,1109,1021,946,978,860,763,908,1204,1621,2063,2547
433,511,441,386,454,492,433,508,392,565,536,505,499,474,443,524,709,905,1263,1559
108,137,123,75,119,104,105,153,115,131,130,117,137,131,106,109,208,258,330,384
47,59,41,47,33,46,51,59,43,75,69,59,57,63,51,57,97,124,161,194
294,320,277,268,302,339,317,419,289,385,409,345,367,415,423,431,573,749,1198,1413
158,231,221,170,156,165,153,212,159,252,175,206,196,238,181,202,285,379,614,731
106,156,125,102,114,98,110,121,93,196,121,107,148,157,122,140,211,250,371,485
63,80,109,82,61,58,54,77,55,89,60,86,76,105,73,79,94,158,284,269
2398,2525,2309,1884,2139,2223,2320,2583,2114,2764,2366,2180,2394,2555,2252,2563,3480,5053,7311,9076
658,759,826,616,640,694,664,806,645,755,750,749,687,726,567,639,854,1009,1217,1415
2580,2480,2270,2061,2447,2294,2343,2587,2090,2901,2495,2090,2607,2547,2250,2681,3411,4868,6228,7205
223,287,253,224,240,247,246,283,252,261,265,269,262,262,244,237,352,424,600,811
272,269,273,226,228,246,269,296,251,312,263,252,278,323,247,275,436,540,804,940
269,304,249,225,261,249,258,275,243,337,238,211,309,273,268,268,380,588,933,1152
2496,2643,2412,2063,2434,2349,2418,2587,2053,3096,2647,2301,2563,2428,2297,2534,3464,4549,6702,7874
92,93,79,65,77,75,61,73,64,107,83,87,77,85,89,87,136,156,260,266
266,376,393,298,324,332,266,296,218,283,250,351,294,306,317,276,309,309,290,265
154,153,148,103,115,133,131,147,124,186,121,104,148,125,148,131,187,266,427,375
448,488,373,320,399,453,401,410,329,546,501,394,473,384,396,409,621,746,1027,1078
246,265,232,220,214,212,242,254,214,280,257,238,240,248,245,263,369,511,758,1009
2294,2471,2224,1695,2138,2054,2166,2241,1945,2398,2143,2116,2510,1996,2155,2872,3473,4811,7546,11019
726,827,705,525,666,659,721,756,596,727,653,646,813,589,645,905,1107,1418,2387,3142
514,506,467,409,450,408,454,463,384,539,485,423,508,428,424,533,726,1106,1549,2025
579,628,549,488,559,464,556,562,478,652,597,568,634,508,550,707,909,1312,2033,2974
19293,20926,18227,15782,17540,16482,18346,20199,17426,22120,19420,19339,19968,18985,18380,21204,29206,40200,64339,89420
182,246,295,177,183,229,260,246,196,256,273,279,304,284,259,283,338,227,141,118
114,130,107,118,92,72,100,104,139,127,116,172,108,116,164,108,170,254,560,951
309,282,245,209,215,232,272,281,353,337,222,235,289,375,264,363,569,966,1946,2369
194,215,210,181,177,186,216,228,229,245,203,218,233,246,245,259,401,589,1099,1616
1278,1330,1215,991,1198,1011,1201,1148,978,1337,1183,1073,1161,1013,899,1146,1571,1971,2538,3088
103,129,141,91,97,98,89,121,92,121,95,82,134,122,117,146,177,188,333,386
218,203,216,115,178,186,179,190,155,181,174,163,184,149,153,214,275,421,705,1024
1509,1692,1442,1118,1296,1320,1336,1486,1263,1603,1438,1416,1696,1431,1419,1724,2338,3084,4981,7488
112,132,122,96,124,115,118,132,87,136,113,111,136,136,118,128,176,250,378,454
262,272,226,186,228,202,230,219,233,247,220,235,251,171,230,283,327,541,900,1299
277,265,228,205,207,223,211,237,196,278,269,237,263,239,231,284,387,472,802,1095
209,205,222,168,220,154,189,199,171,232,222,155,191,198,178,221,283,339,344,502
439,580,442,371,462,348,500,512,412,476,448,465,458,405,352,372,622,661,939,1174
10972,11562,11425,9297,10157,10125,11235,10823,9488,11997,12050,11231,11506,10704,9595,10588,13524,15909,18980,21860
2828,3000,3511,2699,2689,2945,3240,2903,2822,3245,3569,3185,3260,3393,2742,2905,3287,3481,2698,2533
44,56,42,38,51,59,23,47,39,17,41,49,18,15,60,34,27,38,30,30
328,343,345,304,317,296,310,338,243,357,321,342,282,311,267,295,387,412,444,477
222,253,215,189,204,196,212,256,187,245,223,260,236,215,220,262,342,456,692,991
169,269,191,157,183,134,200,207,135,199,175,183,210,163,150,137,242,307,378,389
436,528,409,334,422,435,328,393,336,565,475,492,471,332,276,367,534,610,766,850
866,863,783,713,787,649,818,784,677,815,791,744,736,689,552,707,945,1028,1298,1358
190,177,150,155,171,153,161,162,145,167,130,152,144,135,116,153,196,251,332,373
395,397,363,352,323,260,390,372,259,355,345,309,335,334,286,370,466,539,693,850
392,333,248,247,306,281,336,328,232,309,269,285,307,296,205,296,374,479,568,572
2745,2965,2493,2112,2345,2178,2639,2709,2343,2852,2555,2579,2496,2564,2189,2648,3932,5151,8024,10483
441,472,543,287,458,402,437,491,336,444,394,362,503,371,472,568,616,778,1145,1437
217,302,278,206,232,249,252,296,216,281,269,242,314,260,302,338,408,509,790,1042
705,685,637,531,560,482,627,551,504,598,564,539,545,487,471,490,696,841,998,1161
81,108,70,96,91,85,115,113,78,99,103,83,93,80,69,90,89,89,91,75
414,424,335,298,365,410,344,373,261,419,479,362,354,332,337,340,528,618,863,912
45,42,73,52,46,56,51,58,47,81,72,65,54,56,50,61,84,164,316,545
255,288,215,159,196,220,186,213,167,234,182,179,185,160,161,166,219,290,383,440
537,663,494,453,477,483,529,582,501,559,583,549,575,535,578,600,807,1006,1755,2495
95,82,54,81,80,56,71,74,62,61,94,58,58,51,53,67,96,120,105,113
690,621,643,541,569,636,757,610,635,745,891,662,688,667,580,639,913,925,746,642
195,225,213,195,196,182,244,220,175,216,243,177,209,199,188,208,266,344,390,476
152,167,157,153,140,123,150,153,122,183,174,150,156,153,109,162,179,216,281,262
1671,1752,1648,1465,1579,1586,1713,1680,1476,1804,1835,1713,1596,1628,1411,1578,2007,2498,3100,3597
1156,1238,1145,1077,1167,1003,1168,1245,1035,1314,1321,1105,1230,1081,1031,1131,1424,1837,2395,2539
366,424,365,311,331,387,369,481,345,501,407,457,467,482,472,522,696,1005,1651,2602
200,200,168,150,179,185,203,222,158,232,217,234,231,212,197,219,319,406,618,668
172,189,178,161,166,159,155,156,132,206,185,169,179,154,120,158,209,224,338,310
261,300,226,200,236,312,322,308,284,360,297,187,232,296,285,319,444,515,809,772
1200,1070,1001,826,1010,934,1098,1081,913,1167,1036,958,985,930,869,954,1387,1770,2585,3046
164,193,169,152,157,149,159,185,149,179,176,150,142,166,135,166,235,272,392,535
208,231,228,162,216,205,183,243,199,266,229,230,249,266,307,334,445,719,1310,2435
854,1137,876,751,824,710,967,998,735,1036,914,947,978,855,719,851,1304,1565,2237,2711
708,815,637,604,649,604,630,746,637,750,752,731,828,665,708,857,1202,1573,2621,3852
7459,8083,7074,5992,6832,6488,7029,7638,6633,8545,7366,7456,7593,7727,7113,8199,11909,16540,26817,38164
3278,3140,3568,2855,3167,3313,3460,3313,2940,3964,3781,3429,3660,3751,3015,3371,4269,6091,6283,6041
303,362,266,228,282,276,289,323,279,346,319,317,305,308,307,379,432,588,1043,1425
646,648,631,521,544,518,593,585,500,646,629,607,539,585,462,555,715,856,1053,1141
864,957,844,756,825,748,814,888,694,948,849,938,818,826,668,822,1060,1314,1689,1967
304,343,298,230,264,240,300,311,241,296,314,302,280,284,205,267,376,434,631,744
88,83,96,85,71,51,114,81,61,72,74,68,47,71,57,72,69,91,137,146
595,565,627,469,552,515,524,642,559,658,538,590,584,582,584,701,924,1395,2229,3466
102,169,110,99,92,87,137,132,106,115,92,118,130,99,119,81,195,202,259,333
74,97,103,70,96,93,81,76,57,100,82,70,65,68,71,64,113,142,171,211
202,96,162,98,115,66,249,177,164,151,121,137,143,125,199,190,196,277,550,797
969,942,1043,774,933,821,949,1002,850,1084,943,1006,907,927,1006,1209,1361,2241,3753,5519
600,613,671,512,561,534,627,684,547,700,605,669,582,609,686,760,940,1339,2251,3158
1380,1476,1470,1089,1388,1238,1337,1524,1358,1841,1407,1552,1347,1640,1711,1762,2619,4239,6854,12388
357,289,391,247,282,256,336,328,322,339,300,325,282,265,272,361,325,520,803,1060
333,326,280,361,365,295,342,461,326,443,340,247,308,341,220,302,413,359,726,949
70,81,75,54,65,75,47,64,60,80,70,64,64,64,59,65,110,135,206,336
151,174,137,109,129,154,132,154,147,152,184,154,151,157,159,141,189,279,382,418
396,263,342,184,252,262,298,369,441,412,254,276,370,555,338,442,791,1515,2702,3427
391,345,319,235,253,266,315,342,495,387,306,291,363,536,345,438,789,1273,2542,3242
122,177,133,120,111,96,143,152,128,145,131,136,122,125,122,111,238,259,364,566
214,330,236,202,196,188,238,244,240,250,240,230,215,211,220,239,378,414,649,974
449,569,493,372,428,410,423,508,421,489,459,410,396,440,363,445,634,701,943,1184
806,928,692,652,723,620,868,774,635,835,733,803,796,635,584,671,943,1145,1631,1926
1363,1221,1157,916,1219,1133,1216,1185,942,1328,1276,1084,1065,998,991,1036,1389,1758,2071,2298
55,65,67,54,74,49,60,67,47,61,64,49,44,53,45,67,71,105,103,162
373,399,299,232,339,320,252,303,258,457,320,217,388,330,341,321,436,663,1083,1181
203,223,207,163,191,205,194,257,194,238,221,168,214,234,192,200,264,369,512,482
265,344,233,182,279,285,203,235,184,385,312,297,280,192,170,229,364,440,585,620
251,277,258,190,234,261,256,234,182,303,280,257,250,246,192,237,291,351,365,387
231,254,242,179,199,233,204,224,187,240,230,239,222,195,185,217,258,302,373,436
29,29,36,28,31,25,31,36,30,44,48,29,42,43,33,34,46,77,69,51
274,343,267,227,275,259,297,294,247,282,269,283,261,248,231,321,412,502,823,1182
141,163,160,136,134,150,162,187,154,197,171,144,184,181,154,181,254,424,543,661
88,98,92,57,91,120,78,79,54,139,142,95,101,82,81,74,108,132,145,112
103,139,132,94,103,92,93,110,81,112,86,83,146,104,106,126,142,192,291,321
142,195,154,125,158,155,119,177,128,168,158,159,137,127,124,139,193,229,315,354
1177,1181,1099,896,1075,1061,1112,1163,911,1261,1253,1164,1173,1072,998,1056,1455,1739,2271,2670
1641,1622,1694,1304,1457,1555,1678,1649,1386,1758,1750,1753,1707,1628,1589,1651,2175,2633,3418,4454
439,492,382,315,419,388,440,417,326,462,404,425,439,360,351,363,543,657,918,1004
661,729,650,545,625,569,682,721,617,714,728,674,738,624,644,729,1073,1401,2010,2822
77,94,65,87,109,87,119,53,104,102,103,46,59,46,74,74,124,104,121,90
365,403,363,288,387,369,350,369,303,458,396,377,410,359,343,363,553,667,807,892
396,466,334,283,388,455,252,262,205,537,415,413,394,286,191,303,394,438,598,468
916,947,803,785,939,824,869,880,741,963,941,819,860,757,782,831,999,1161,1560,1593
362,378,368,262,323,321,341,318,274,384,394,308,340,289,273,280,426,447,560,523
204,268,167,193,249,225,215,139,193,297,249,200,193,120,148,172,266,254,347,305
256,299,248,200,232,294,242,271,195,313,360,264,270,257,199,240,378,475,643,581
220,241,174,154,217,206,160,189,126,222,216,214,185,146,169,159,246,270,335,290
54,75,82,54,83,71,49,79,87,111,52,95,110,96,115,110,167,269,566,914
185,233,173,152,155,158,194,202,149,183,187,190,196,192,166,178,252,367,483,674
84,81,78,61,92,82,69,63,58,115,109,54,98,66,72,71,85,151,172,194
55,50,98,15,63,56,49,60,13,35,36,27,47,19,84,67,45,59,51,63
398,323,413,288,380,345,313,411,345,389,354,353,323,317,300,320,412,506,587,686
279,134,125,174,264,194,138,186,138,200,162,82,151,203,100,340,239,350,278,273
328,316,323,269,306,311,302,352,279,335,374,339,289,316,286,299,398,450,569,595
190,183,139,110,162,215,164,169,104,235,244,164,193,168,163,170,286,308,521,423
92,65,53,57,69,58,70,59,82,76,80,73,73,49,67,50,61,83,118,74
78,57,85,76,69,77,81,76,77,88,84,83,72,83,60,82,84,86,61,57
329,328,292,267,281,252,311,285,222,322,291,263,259,208,200,232,333,306,409,318
234,244,198,199,208,188,193,208,170,250,203,181,223,177,195,222,293,384,509,655
75,66,38,55,69,53,59,63,56,55,55,54,55,49,42,49,70,98,102,111
18,21,24,24,28,20,21,27,18,41,39,25,44,53,34,31,56,72,134,139
52,39,45,30,41,32,33,38,37,37,38,33,42,37,31,35,63,58,76,67
745,841,676,614,721,688,699,764,574,902,818,716,728,686,639,734,973,1190,1615,1799
94,142,105,94,91,87,115,131,93,137,128,100,92,122,104,135,177,204,371,469
100,132,92,105,105,84,116,108,109,134,111,116,103,117,100,127,141,226,340,525
183,238,235,157,200,192,198,216,156,231,208,202,224,200,208,255,269,344,521,692
180,190,214,127,171,165,187,222,181,200,147,201,184,202,218,213,271,402,690,909
144,185,154,128,150,126,152,160,125,161,150,162,147,153,108,127,168,234,308,363
45,34,38,33,41,29,34,46,31,44,44,34,15,30,17,37,40,39,47,35
440,427,394,346,369,365,366,427,339,395,376,365,386,337,348,348,461,484,720,824
497,477,484,372,462,455,478,467,371,582,518,475,493,431,397,487,571,821,1042,1280
254,306,257,226,242,258,263,326,259,328,336,275,301,306,257,274,403,597,817,1027
132,166,129,111,118,100,141,142,107,124,130,128,152,109,109,119,185,205,298,373
874,933,903,776,879,828,818,1006,810,972,943,936,978,959,1001,1221,1405,2178,3354,5178
245,228,232,212,205,212,239,250,205,290,249,242,246,279,245,262,335,564,728,664
1334,1537,1250,1116,1261,1200,1251,1444,1080,1356,1385,1276,1291,1228,1216,1283,1608,2059,3002,3581
10,15,42,27,22,20,30,19,39,35,40,42,26,40,17,38,39,141,254,454
139,154,178,141,135,146,118,167,266,194,122,140,174,165,253,239,404,531,1337,2547
286,333,268,248,237,200,299,277,215,267,255,253,304,237,260,259,368,524,666,880
121,91,87,53,68,99,105,83,51,71,70,57,66,57,80,65,68,94,116,93
104,127,125,79,90,106,99,103,87,114,83,83,125,77,100,126,165,176,246,276
47,48,51,42,43,38,47,44,40,38,51,32,39,32,36,38,56,78,93,101
120,117,152,101,134,122,132,142,119,166,132,122,140,139,139,116,151,219,299,279
514,551,467,411,472,420,494,444,444,493,498,483,464,382,354,427,634,734,1041,1277
349,411,350,327,372,346,352,337,332,492,421,325,390,310,389,340,571,578,925,806
76,72,85,65,75,106,80,72,79,86,89,77,70,85,71,82,78,129,91,107
38,46,38,39,46,30,30,34,36,39,29,27,29,33,28,28,30,43,29,31
228,242,200,171,196,217,208,213,160,233,197,202,206,188,185,198,293,346,477,639
3403,3561,3348,2744,3117,2966,3253,3530,3059,3711,3453,3408,3328,3129,3332,3742,4834,6384,10386,14306
304,259,318,283,295,261,310,303,281,329,278,291,247,266,290,364,391,651,1006,1346
55,66,78,56,79,62,66,60,40,82,60,52,54,57,59,59,110,134,142,236
251,263,203,155,211,234,229,266,186,311,253,140,249,256,236,234,317,521,855,877
27,48,47,32,30,45,58,31,24,43,42,53,37,48,39,32,33,34,15,21
119,149,124,104,139,116,100,146,115,150,126,145,139,128,162,171,250,372,584,940
155,142,148,117,148,143,160,147,102,157,127,125,169,103,126,185,236,287,389,488
41,37,57,44,58,67,44,43,39,58,39,56,37,34,15,35,24,92,45,58
965,1215,920,791,882,879,908,1016,946,1111,1016,1103,1053,1038,1010,1112,1475,1960,3534,5129
136,130,170,121,115,107,141,139,148,143,112,109,130,156,147,163,180,234,434,579
60,62,68,57,79,61,75,98,75,108,70,99,77,154,117,157,208,436,802,1280
62,80,92,75,71,75,70,87,98,120,96,95,105,92,112,118,157,270,547,895
157,156,156,130,128,162,151,161,114,194,180,128,155,163,126,168,209,299,360,342
349,412,334,290,331,308,346,367,327,407,336,364,393,380,339,402,539,726,1106,1708
178,190,171,148,167,177,168,172,125,220,200,168,174,170,154,192,242,304,358,323
135,140,156,136,126,125,152,147,134,178,152,128,129,145,134,146,202,257,334,390
158,173,194,145,179,162,166,186,169,212,182,195,170,173,238,264,323,490,874,1299
121,128,133,87,125,126,138,120,107,112,130,97,152,112,106,168,183,210,290,320
350,345,397,236,333,323,363,365,289,355,314,284,383,269,309,433,490,624,871,1122
88,100,90,85,77,79,98,90,81,112,115,79,99,114,96,116,132,177,233,348
429,477,402,386,400,361,457,474,409,488,417,459,476,488,455,526,749,1012,1892,2823
306,310,259,234,274,264,271,294,240,271,305,254,239,271,211,261,328,388,495,559
838,1049,815,701,758,772,843,881,771,917,923,912,866,816,777,832,1203,1495,2338,3379
66,41,37,36,23,34,71,39,38,38,39,61,42,26,25,37,99,44,33,4
103,108,85,83,102,68,108,95,91,101,121,99,112,90,83,85,117,102,97,65
151,195,174,168,141,163,151,175,142,203,170,184,172,199,197,204,315,424,723,1027
247,201,192,143,216,230,198,193,174,266,311,193,220,193,180,189,254,267,203,169
176,124,152,75,110,117,137,160,202,194,136,123,156,278,152,203,376,688,1264,1590
429,415,406,306,351,294,365,328,327,365,346,346,321,298,271,308,422,507,698,857
1244,1134,1099,872,1075,1000,1062,1092,879,1212,1081,960,1036,870,819,952,1230,1506,1972,2080
1533,1622,1444,1200,1359,1368,1427,1447,1229,1643,1577,1488,1525,1428,1381,1473,2036,2560,3715,4785
266,337,277,219,266,278,248,294,232,315,304,304,324,275,270,274,376,453,686,813
849,867,767,643,747,700,801,774,649,815,808,701,739,668,613,690,945,970,1283,1527
226,270,240,211,218,234,243,259,205,259,273,234,251,246,224,226,305,303,352,425
291,320,300,255,253,278,237,289,259,338,308,330,306,266,253,276,355,443,648,801
406,437,453,336,386,377,391,414,352,449,455,409,433,420,402,418,543,644,827,1222
1621,1961,1682,1461,1548,1470,1662,1803,1493,1827,1801,1805,1812,1731,1744,1792,2513,3042,4917,6994
1919,1925,1796,1461,1770,1730,1705,1829,1616,2132,1894,1716,1833,1818,1693,2011,2505,3577,4998,6341
798,694,745,712,766,659,779,803,675,803,787,884,759,802,566,649,847,1010,1219,1185
229,258,285,182,191,253,242,220,220,288,310,243,269,245,232,234,301,308,255,309
201,233,170,150,167,178,187,171,157,193,186,196,174,162,150,183,255,257,422,564
538,676,556,464,488,507,613,594,527,609,582,594,646,593,570,639,892,1061,1725,2644
135,149,145,110,118,113,132,142,118,145,152,129,139,121,116,122,176,204,303,443
52,96,75,69,65,89,74,105,70,88,99,73,62,74,66,86,110,155,169,268
43,42,36,26,27,34,51,36,35,37,48,27,24,35,28,36,45,68,96,108
84,97,83,86,84,62,71,68,71,97,82,79,63,65,71,93,99,113,178,237
159,131,165,102,184,130,124,176,157,175,171,87,194,175,167,159,199,208,206,254
144,151,165,107,155,114,134,150,134,165,158,138,164,169,147,198,215,319,530,732
1219,1235,1156,1031,1105,1021,1162,1187,1033,1263,1336,1121,1150,1115,1002,1157,1550,1681,2263,2480
187,205,181,143,185,161,150,203,155,211,185,182,220,184,171,250,268,447,690,1040
397,384,340,310,337,327,350,351,301,392,384,343,374,326,289,381,460,578,761,888
1075,1059,981,835,920,896,939,979,909,1092,1002,997,919,955,840,980,1310,1775,2737,3398
618,540,543,389,530,502,531,526,418,562,524,466,497,408,401,454,586,647,713,719
224,270,158,168,207,195,163,181,156,287,243,234,201,138,140,172,259,304,421,517
280,320,256,217,254,230,280,293,222,288,323,263,287,241,241,239,384,495,680,791
111,112,97,65,134,74,77,113,130,143,100,143,87,167,210,177,303,550,1016,2158
26,34,32,38,36,37,30,28,27,51,27,44,37,31,18,29,32,39,61,69
2776,2977,2571,2302,2566,2498,2688,2862,2283,3140,2883,2732,2722,2554,2466,2891,3876,4905,7544,9736
201,186,207,167,180,183,195,214,162,215,231,202,214,219,174,164,232,247,266,253
247,221,210,212,223,169,210,243,205,238,247,246,252,206,208,258,328,428,632,819
407,438,345,288,365,410,353,403,297,444,455,369,415,349,359,379,568,735,1020,1243
224,239,230,197,227,249,239,237,179,259,260,223,223,220,191,255,332,429,492,570
136,122,99,76,104,100,107,100,59,102,96,79,82,63,79,60,100,95,114,83
188,199,207,148,200,235,218,201,175,233,268,208,199,205,187,183,236,293,227,218
388,307,389,315,326,322,282,381,293,350,353,341,287,335,294,315,350,428,476,485
9248,10785,9147,7631,8273,7989,8967,9938,8631,10344,9732,9773,9736,9366,9117,9903,14346,18844,29836,42495
62,46,40,32,36,50,29,38,19,52,52,41,40,30,33,25,44,57,41,37
167,184,171,150,164,177,147,181,114,190,179,149,180,172,158,196,237,283,314,292
98,106,79,69,67,97,95,110,81,103,94,68,88,101,87,79,129,192,272,276
150,121,134,87,162,110,120,170,161,189,138,185,101,225,291,243,430,750,1352,2959
416,382,382,286,475,330,343,533,443,577,403,549,345,687,733,701,1133,2069,3523,7324
260,289,324,214,249,219,268,279,291,305,266,294,283,268,319,352,451,677,1161,1565
67,93,97,113,118,106,143,73,129,120,125,74,79,87,87,114,162,136,167,173
237,209,207,178,180,146,212,199,185,201,177,169,168,165,141,190,255,307,429,513
866,1007,794,641,753,815,860,953,773,847,888,930,889,814,835,987,1237,1555,2661,3792
353,397,361,291,330,312,345,360,373,424,352,371,373,351,346,451,587,837,1277,1919
71,80,106,119,61,82,78,111,110,106,75,84,73,67,114,110,174,190,374,651
99,121,113,71,92,99,108,139,95,120,111,121,144,122,120,126,202,265,355,510
300,247,379,251,341,322,382,355,340,361,302,333,297,340,327,421,452,662,934,1301
107,98,88,77,95,88,92,93,69,90,102,89,86,80,61,68,102,127,123,100
68,88,92,66,62,83,88,87,74,80,88,63,79,89,93,98,106,110,136,171
47,67,76,51,58,66,78,89,51,80,76,89,98,93,109,100,121,76,60,60
99,98,90,56,96,75,73,97,75,96,76,88,89,87,83,144,163,255,369,604
129,161,256,80,168,161,161,163,84,146,105,104,160,103,194,209,163,213,258,278
152,193,160,138,165,144,126,166,116,170,165,180,191,138,169,241,239,281,467,594
133,144,155,110,122,137,159,129,123,154,165,149,186,159,137,148,191,204,217,250
495,509,439,386,460,378,484,468,373,428,455,433,432,377,385,372,523,579,777,990
160,168,142,114,127,133,132,131,108,154,169,151,136,97,105,117,163,165,236,250
395,380,321,277,343,317,332,360,293,381,375,334,366,318,308,373,495,603,905,1066
518,539,479,433,470,470,511,490,444,522,541,488,493,454,481,467,663,779,1052,1237
192,156,146,85,122,138,140,120,90,92,116,87,100,92,113,83,112,102,98,78
1921,1982,1728,1494,1687,1604,1822,1810,1486,1882,1927,1768,1769,1518,1540,1647,2199,2523,3527,4253
181,135,193,123,144,167,156,146,141,192,188,149,159,159,136,145,166,196,210,166
136,137,165,116,122,143,159,124,134,171,193,143,145,146,123,117,145,121,48,48
193,199,223,146,169,198,198,178,182,231,259,187,216,200,182,185,194,184,93,64
36,33,36,22,31,34,37,24,41,53,41,35,24,33,18,20,24,34,10,13
153,124,129,106,114,124,140,120,96,128,140,105,114,112,104,92,109,116,88,69
224,219,221,177,185,180,207,207,155,234,222,187,226,189,162,202,281,296,368,389
284,341,317,262,295,283,282,316,239,334,300,282,289,294,299,288,390,453,601,837
187,183,154,106,141,143,162,190,132,153,145,168,155,124,124,199,234,304,434,553
123,113,117,87,98,91,127,126,108,139,151,121,111,120,107,104,160,228,259,305
1106,1402,1012,871,1017,1003,1017,1203,1067,1276,1152,1237,1182,1154,1183,1280,1730,2321,4232,6265
1183,1200,1134,875,1042,1069,1108,1354,1111,1336,1162,1250,1256,1463,1315,1517,2064,3225,5659,8708
