1521
862
539
1108
879
1244
3469
570
5231
12693
552
2657
7443
888
2305
280
4101
4390
1544
6152
1121
1640
2286
1158
16692
894
683
1425
2011
1206
1670
587
385
92
605
285
1388
431
460
432
145
455
316
25
1910
148
81
273
419
68
387
1568
169
2105
241
167
423
1073
178
211
305
653
505
711
767
1768
647
311
259
708
127
474
817
2738
110
686
260
377
165
69
217
339
375
148
90
249
334
175
198
194
1656
926
204
232
403
406
101
181
588
362
101
1130
1570
442
310
311
578
164
683
292
37
23
1421
711
386
677
69
53
557
1762
2060
1275
299
371
357
3597
605
734
5491
5870
1018
1477
1238
2665
2881
2137
787
1352
2020
279
1311
3853
4290
2354
13923
8925
7968
2001
1915
6072
10166
6017
4069
2080
2933
1685
1477
1810
4145
180
455
3615
5760
8296
8081
1478
999
1074
5213
1139
6805
739
1786
227
459
293
555
81
69
2101
212
5292
841
83
908
1394
1029
1093
170
5701
1530
270
711
266
521
280
51
125
195
163
113
406
52
142
639
97
188
651
111
32
352
131
289
40
48
37
118
449
1207
33
132
3705
648
3632
2161
874
343
1079
1234
259
242
194
8
186
826
1875
6148
1007
264
1301
139
245
1539
905
38
97
376
222
4763
1781
1456
4687
279
1219
1376
3189
605
3161
900
262
227
1898
274
219
127
5036
2564
1186
2363
1305
1172
715
748
978
472
500
486
37
1901
191
202
349
517
76
438
5811
839
229
599
2322
1361
91
212
157
230
97
194
147
403
35
38
63
1648
623
364
842
1802
1532
230
174
409
1348
379
483
846
79
14
69
2277
390
3770
670
372
1229
971
262
597
144
1280
565
1659
172
461
1310
77
280
196
1520
393
466
304
533
352
2574
800
848
219
116
341
589
1963
569
61
707
41
992
990
270
256
1612
442
113
35
169
75
374
269
1144
3200
69
234
455
428
180
156
5002
6133
6238
1535
251
286
463
1132
267
5916
418
3127
296
742
398
782
593
303
89
270
7
1218
468
927
1760
972
719
199
122
588
867
1616
336
790
1058
330
1124
279
479
722
349
57
201
242
313
736
946
329
67
897
676
4280
1663
762
1337
910
796
457
293
146
358
201
234
5518
2528
625
165
513
171
501
415
172
138
701
48
249
124
452
226
571
1082
1282
473
307
228
94
235
403
366
793
514
3750
264
93
134
44
483
952
11738
244
3734
4055
101
27
1930
1744
1812
392
1814
37
944
356
80
321
1341
218
533
8345
1421
913
8129
112
1564
194
193
1644
126
234
3130
1891
1392
8
192
8
460
22
1559
1047
3985
64
283
99
52
378
81
552
1328
165
2176
153
280
2443
606
365
1058
824
386
334
1056
197
109
133
155
590
486
738
422
244
909
163
704
227
440
286
66
684
188
3468
513
289
796
404
293
1241
1050
1097
88
13
352
168
578
180
138
1533
2331
222
246
980
170
613
1551
493
1198
182
156
189
626
599
2118
317
270
577
1076
490
65
62
119
47
467
637
230
292
126
190
649
481
648
240
93
424
615
156
505
791
485
446
4255
2570
732
1041
81
444
485
790
1866
1400
359
378
608
559
1453
1103
385
524
221
242
503
524
638
1448
1669
831
288
1054
1705
489
161
1159
317
677
3348
174
809
597
386
928
556
1282
1185
325
230
636
213
232
229
296
381
311
247
300
191
336
805
229
1029
1086
1629
535
720
1612
399
197
219
277
232
1457
580
88
1222
567
65
2876
1348
834
128
904
1530
587
349
212
327
376
255
463
980
1967
3845
276
535
928
2654
2000
213
964
656
254
82
336
213
192
322
220
75
755
331
565
452
2925
131
1380
1379
1408
66
372
154
218
414
435
341
305
206
17
12
425
2032
1021
737
1357
1943
658
280
1119
333
190
3558
517
719
384
462
134
567
397
1049
204
862
844
599
880
412
1177
1951
631
460
432
130
496
403
135
2670
237
1049
292
361
1463
386
584
35
431
8
355
324
1405
58
106
2639
903
4314
2022
276
183
331
918
52
5760
9361
680
456
405
230
1658
562
686
1014
4033
325
523
524
8728
287
298
1392
475
587
543
252
226
150
997
1604
376
231
656
3930
310
380
1963
894
371
280
2607
206
103
702
241
778
7043
1166
643
814
184
2778
47
346
173
189
1045
422
2475
210
284
879
615
1549
50
93
724
641
275
183
918
1698
204
629
455
375
918
299
321
1070
1696
97
160
239
891
517
305
275
56
136
2072
1345
598
642
837
926
141
361
650
202
721
525
93
219
245
699
320
1386
2075
174
459
407
167
180
84
6816
8144
225
183
373
816
15669
412
2186
360
238
515
99
62
158
203
321
557
351
1407
2641
619
700
105
173
644
552
1603
583
1056
169
1691
523
86
445
383
1659
245
18
5
243
186
54
123
182
211
670
1361
259
605
235
157
560
203
240
655
832
283
104
188
77
245
286
656
176
362
224
38
96
165
369
384
272
665
510
434
453
248
59
577
360
519
642
140
123
523
142
126
104
435
555
905
924
593
696
402
5316
487
778
192
1126
266
12
278
18
539
86
158
845
3
89
38
484
259
314
1186
578
3278
793
1664
3817
376
918
239
260
1366
1317
1713
679
114
1479
1131
918
8885
1453
222
832
1932
492
43
385
24
151
279
413
695
710
773
622
1516
2380
210
701
470
135
164
1575
372
418
123
106
23
434
138
524
1646
144
406
181
82
300
2321
506
3579
467
533
383
528
622
641
6
390
164
262
1602
297
133
275
554
364
156
109
162
964
195
1146
281
258
424
2558
157
218
4531
276
594
468
1603
360
2202
871
2095
283
25
2389
2359
217
307
1248
1458
314
571
410
420
1979
1431
2214
428
202
774
558
373
440
139
336
162
2150
587
445
280
745
583
1377
634
702
1158
1301
203
85
782
428
667
685
431
958
646
1248
1524
578
956
504
257
958
377
885
1831
772
1058
76
506
533
115
116
271
955
622
407
290
874
339
121
162
1557
242
95
302
1546
481
863
219
384
414
663
714
382
225
320
266
350
232
928
195
815
1103
4645
866
266
414
161
17
650
393
338
3623
525
436
996
197
716
438
158
730
1492
104
3245
1261
205
260
259
81
895
838
526
812
1555
249
885
757
668
1046
451
629
288
1426
2234
421
354
232
361
158
368
350
143
147
404
185
423
296
927
472
452
