36
33
214
43
84
155
90
45
16
84
30
208
49
61
82
103
27
121
58
138
142
183
116
115
30
109
60
16
41
29
31
66
92
37
600
71
53
38
23
228
42
62
53
11
284
22
14
58
66
62
493
26
211
143
1078
997
360
38
744
215
255
129
44
383
124
716
150
60
388
39
258
409
87
56
49
11
298
336
14
27
95
19
67
115
50
46
20
23
101
11
22
39
29
12
323
56
182
45
42
27
27
194
35
62
117
29
51
69
332
242
150
87
51
21
31
54
549
130
19
75
29
87
28
76
32
56
251
183
17
34
114
101
17
18
49
26
16
149
11
769
10
18
10
20
347
6
101
464
36
207
240
26
169
29
204
378
157
34
13
42
63
34
42
86
73
73
65
90
114
38
10
31
140
67
11
28
92
44
64
69
82
25
91
268
19
102
286
76
132
12
143
289
94
31
694
274
80
26
91
65
286
32
57
37
31
367
33
84
42
368
100
371
203
46
69
13
149
222
18
30
49
12
176
25
24
20
23
23
55
